-31.15 -31.35 -30.95 1.72336e-05 0.00122894 0.000489719 -0.0291352
-30.75 -30.95 -30.55 3.38829e-05 0.000960002 0.000416558 -0.0238731
-30.35 -30.55 -30.15 5.06545e-05 0.000855075 -7.20038e-05 -0.0218502
-29.95 -30.15 -29.75 5.44328e-05 0.000980812 4.60079e-05 -0.0229846
-29.55 -29.75 -29.35 3.11361e-05 0.000695469 0.000966645 -0.0172313
-29.15 -29.35 -28.95 5.75336e-05 0.000439095 0.000476209 -0.0102853
-28.75 -28.95 -28.55 5.04439e-05 0.000141995 0.000772242 -0.00364798
-28.35 -28.55 -28.15 8.35496e-05 -1.0002e-06 -0.000169399 -0.000446878
-27.95 -28.15 -27.75 8.39283e-05 0.000114221 -0.000289442 -0.00293652
-27.55 -27.75 -27.35 9.21646e-05 0.00024807 -0.000823644 -0.00776222
-27.15 -27.35 -26.95 7.13818e-05 0.000652984 -0.000382928 -0.0151584
-26.75 -26.95 -26.55 5.58133e-05 0.000606439 0.000186983 -0.0154237
-26.35 -26.55 -26.15 6.78085e-05 0.000622237 -0.000122004 -0.0153387
-25.95 -26.15 -25.75 7.4145e-05 0.000678225 -0.000264748 -0.0170945
-25.55 -25.75 -25.35 5.98644e-05 0.000734033 0.000138769 -0.0179795
-25.15 -25.35 -24.95 9.1232e-05 0.000852857 -2.48524e-05 -0.01859
-24.75 -24.95 -24.55 8.41483e-05 0.00049824 0.000138616 -0.0152556
-24.35 -24.55 -24.15 7.13104e-05 0.00068637 0.000177712 -0.0157689
-23.95 -24.15 -23.75 6.51174e-05 0.000419891 0.000356642 -0.0117671
-23.55 -23.75 -23.35 8.71404e-05 0.000515932 -0.000431868 -0.0128182
-23.15 -23.35 -22.95 8.01985e-05 0.000651989 -0.000181976 -0.0159981
-22.75 -22.95 -22.55 8.0954e-05 0.000729995 0.000175445 -0.01667
-22.35 -22.55 -22.15 9.09632e-05 0.000562649 0.000348988 -0.0135273
-21.95 -22.15 -21.75 8.01379e-05 0.000289019 0.000467248 -0.00852625
-21.55 -21.75 -21.35 7.63488e-05 0.000215082 0.000320125 -0.00528554
-21.15 -21.35 -20.95 0.000101379 0.000217192 -0.00014571 -0.00472174
-20.75 -20.95 -20.55 0.000110005 0.000272472 2.69421e-05 -0.0055783
-20.35 -20.55 -20.15 0.000117134 0.000178184 0.000137425 -0.00424467
-19.95 -20.15 -19.75 0.000132088 0.000153957 -0.000424814 -0.00500074
-19.55 -19.75 -19.35 0.000111051 0.000341949 -4.8493e-05 -0.00814503
-19.15 -19.35 -18.95 9.87147e-05 0.000255308 0.000300744 -0.00658219
-18.75 -18.95 -18.55 7.63565e-05 1.13784e-05 0.0005019 -0.00187396
-18.35 -18.55 -18.15 7.22646e-05 -9.2552e-05 -0.000130307 0.000230769
-17.95 -18.15 -17.75 7.22029e-05 0.000161844 -0.000602585 -0.00433217
-17.55 -17.75 -17.35 5.9773e-05 0.000335235 -0.00069006 -0.0100859
-17.15 -17.35 -16.95 4.98185e-05 0.00076982 -0.000403904 -0.017354
-16.75 -16.95 -16.55 7.8012e-05 0.000902625 -0.000536183 -0.0215943
-16.35 -16.55 -16.15 7.54246e-05 0.00101477 -0.000199832 -0.0249823
-15.95 -16.15 -15.75 5.54287e-05 0.000971791 0.000535172 -0.0235063
-15.55 -15.75 -15.35 6.19401e-05 0.000704875 0.000464527 -0.0179497
-15.15 -15.35 -14.95 8.18109e-05 0.000668337 7.35948e-05 -0.0158514
-14.75 -14.95 -14.55 5.15952e-05 0.000349978 0.000478949 -0.0113566
-14.35 -14.55 -14.15 4.04366e-05 0.000343866 4.18934e-05 -0.00956957
-13.95 -14.15 -13.75 1.85179e-05 0.000278569 3.2902e-05 -0.0087761
-13.55 -13.75 -13.35 1.00993e-05 0.000385711 -0.000306929 -0.0105824
-13.15 -13.35 -12.95 7.36455e-06 0.000588665 -0.000427524 -0.0147218
-12.75 -12.95 -12.55 1.21585e-06 0.00074679 -0.000101465 -0.0178028
-12.35 -12.55 -12.15 2.60711e-05 0.000851704 -0.000282028 -0.0199554
-11.95 -12.15 -11.75 2.01097e-05 0.000792824 5.27664e-05 -0.020229
-11.55 -11.75 -11.35 4.57481e-05 0.000959681 -0.00048052 -0.0230453
-11.15 -11.35 -10.95 6.35256e-05 0.00118103 -0.000386369 -0.0277795
-10.75 -10.95 -10.55 5.19329e-05 0.00113572 0.000579964 -0.0267566
-10.35 -10.55 -10.15 5.49736e-05 0.000738981 0.000668041 -0.0192904
-9.95 -10.15 -9.75 3.78642e-05 0.00046162 0.000870728 -0.0118498
-9.55 -9.75 -9.35 4.24488e-05 0.000131077 0.000333147 -0.0050824
-9.15 -9.35 -8.95 2.17699e-05 7.40591e-05 0.000479891 -0.00189713
-8.75 -8.95 -8.55 4.84195e-05 -1.71024e-05 -0.000565658 -0.00142334
-8.35 -8.55 -8.15 4.81018e-05 0.000403071 -0.000823811 -0.00955635
-7.95 -8.15 -7.75 5.57948e-05 0.000739468 -0.000707543 -0.0174642
-7.55 -7.75 -7.35 6.24671e-05 0.00100166 -0.000189167 -0.0226382
-7.15 -7.35 -6.95 6.71238e-05 0.00084084 -1.92401e-05 -0.0219927
-6.75 -6.95 -6.55 6.30178e-05 0.000931171 -5.09484e-05 -0.0229794
-6.35 -6.55 -6.15 4.02466e-05 0.000812934 0.000630593 -0.0200619
-5.95 -6.15 -5.75 5.95517e-05 0.000615444 4.38947e-05 -0.0161679
-5.55 -5.75 -5.35 1.47991e-05 0.000432437 0.000807703 -0.0118042
-5.15 -5.35 -4.95 2.51063e-05 0.000249342 0.000242616 -0.00677732
-4.75 -4.95 -4.55 -8.34838e-07 3.34308e-05 0.000347029 -0.00301258
-4.35 -4.55 -4.15 2.23802e-05 0.000248676 -0.000465702 -0.00520186
-3.95 -4.15 -3.75 5.17143e-05 0.000537564 -0.000421655 -0.0105671
-3.55 -3.75 -3.35 3.97326e-05 0.000367125 0.000532327 -0.00877789
-3.15 -3.35 -2.95 7.05196e-05 0.000327563 0.000437271 -0.00521621
-2.75 -2.95 -2.55 0.000261546 0.00122711 0.000422301 -0.00984724
-2.35 -2.55 -2.15 0.000776633 0.00272609 0.00346654 -0.0093759
-1.95 -2.15 -1.75 0.00245756 0.00725141 0.00704807 -0.0120382
-1.55 -1.75 -1.35 0.00681869 0.0175693 0.0144319 -0.0264212
-1.15 -1.35 -0.95 0.0167635 0.0371044 0.0170215 -0.084369
-0.75 -0.95 -0.55 0.0364643 0.076278 0.0111786 -0.316815
-0.35 -0.55 -0.15 0.0708872 0.136745 -0.0129975 -0.82677
0.05 -0.15 0.25 0.122429 0.220684 0.0190201 -1.50619
0.45 0.25 0.65 0.193793 0.269469 0.0437518 -1.70349
0.85 0.65 1.05 0.281677 0.306033 0.0330003 -1.75235
1.25 1.05 1.45 0.378439 0.309704 0.0226932 -1.59729
1.65 1.45 1.85 0.474724 0.283344 0.00287728 -1.2924
2.05 1.85 2.25 0.5611 0.233708 -0.0107486 -0.904997
2.45 2.25 2.65 0.633801 0.188817 -0.029946 -0.666558
2.85 2.65 3.05 0.691607 0.147942 -0.0293263 -0.523504
3.25 3.05 3.45 0.736787 0.118086 -0.0236046 -0.45114
3.65 3.45 3.85 0.771905 0.0916516 -0.0149835 -0.359481
4.05 3.85 4.25 0.799703 0.0737253 -0.0209064 -0.329728
4.45 4.25 4.65 0.820496 0.0573014 -0.0121667 -0.303105
4.85 4.65 5.05 0.835711 0.0410714 -0.00891533 -0.238129
5.25 5.05 5.45 0.846121 0.0279496 -0.0101619 -0.192371
5.65 5.45 5.85 0.852473 0.0192235 -0.00681979 -0.176259
6.05 5.85 6.25 0.855845 0.0111137 -0.00288352 -0.141021
6.45 6.25 6.65 0.85786 0.0107632 -0.00487407 -0.16396
6.85 6.65 7.05 0.858875 0.00849191 0.00288388 -0.151666
7.25 7.05 7.45 0.859854 0.00759116 0.00474211 -0.11874
7.65 7.45 7.85 0.861273 0.00713738 -0.00193266 -0.105593
8.05 7.85 8.25 0.862462 0.00816441 -0.00116158 -0.124466
8.45 8.25 8.65 0.86346 0.00690986 0.00231547 -0.110165
8.85 8.65 9.05 0.864135 0.00298469 -0.00314609 -0.0802241
9.25 9.05 9.45 0.863625 0.00103209 -0.0037963 -0.0870937
9.65 9.45 9.85 0.86224 -0.000147624 -0.000449307 -0.0914147
10.05 9.85 10.25 0.860069 -0.00472576 0.000703373 -0.0524167
10.45 10.25 10.65 0.857148 -0.00671551 -0.0020005 -0.0401592
10.85 10.65 11.05 0.85355 -0.00786111 -0.00122755 -0.0413727
11.25 11.05 11.45 0.849454 -0.00946036 -0.000467162 -0.0336946
11.65 11.45 11.85 0.845052 -0.00975159 0.000703434 -0.0304801
12.05 11.85 12.25 0.840439 -0.0115808 0.00208741 -0.00593365
12.45 12.25 12.65 0.835738 -0.0122845 0.00138028 0.0114894
12.85 12.65 13.05 0.830952 -0.0133582 0.000401174 0.026375
13.25 13.05 13.45 0.826081 -0.0133029 -0.00125026 0.0230838
13.65 13.45 13.85 0.821106 -0.013005 -0.00148176 0.0114946
14.05 13.85 14.25 0.816093 -0.0124431 -0.00218856 -0.00542199
14.45 14.25 14.65 0.810706 -0.0136051 0.00166509 0.00251638
14.85 14.65 15.05 0.805562 -0.0129721 -0.00467609 -0.0127956
15.25 15.05 15.45 0.799771 -0.0136462 -0.000300388 -0.0237664
15.65 15.45 15.85 0.794112 -0.012201 -0.000536088 -0.0385979
16.05 15.85 16.25 0.788368 -0.0139484 -0.00171788 -0.0315494
16.45 16.25 16.65 0.782348 -0.0125659 0.0003991 -0.0474662
16.85 16.65 17.05 0.776589 -0.0125662 2.11843e-05 -0.0460631
17.25 17.05 17.45 0.770696 -0.0134991 0.000465045 -0.0366679
17.65 17.45 17.85 0.764841 -0.012558 0.00185854 -0.0367652
18.05 17.85 18.25 0.759113 -0.0142277 0.00138887 -0.0120259
18.45 18.25 18.65 0.75333 -0.0139113 0.00253128 -0.00159556
18.85 18.65 19.05 0.747703 -0.015461 -6.71515e-05 0.0195325
19.25 19.05 19.45 0.741973 -0.0147041 -0.00340909 0.00163698
19.65 19.45 19.85 0.735997 -0.0138244 0.000839898 -0.0142576
20.05 19.85 20.25 0.73012 -0.0149001 0.0023904 0.00547409
20.45 20.25 20.65 0.724186 -0.0164252 0.00130889 0.0305146
20.85 20.65 21.05 0.718234 -0.0162954 -0.00194385 0.0273163
21.25 21.05 21.45 0.712169 -0.0152052 5.33658e-07 0.0117532
21.65 21.45 21.85 0.706329 -0.0147425 0.000604034 0.00991285
22.05 21.85 22.25 0.70053 -0.0153327 0.00163952 0.0223095
22.45 22.25 22.65 0.694756 -0.0158487 0.00285996 0.0416082
22.85 22.65 23.05 0.689224 -0.0165497 -0.00334179 0.0458437
23.25 23.05 23.45 0.683581 -0.0133315 -0.00278823 -0.001408
23.65 23.45 23.85 0.677973 -0.0137921 0.000435159 -0.00541295
24.05 23.85 24.25 0.672517 -0.0130605 -0.00159758 -0.015385
24.45 24.25 24.65 0.666841 -0.0137652 0.000405507 -0.0134854
24.85 24.65 25.05 0.661126 -0.0137273 0.00193412 -0.00600314
25.25 25.05 25.45 0.655781 -0.0130903 -0.00212201 -0.0119377
25.65 25.45 25.85 0.649997 -0.0145381 0.00170334 -0.00126777
26.05 25.85 26.25 0.644442 -0.0131951 0.000895642 -0.00379623
26.45 26.25 26.65 0.639151 -0.0133187 -0.000374566 -0.00102938
26.85 26.65 27.05 0.63377 -0.0132314 0.00178824 0.00295523
27.25 27.05 27.45 0.628532 -0.0139443 0.00123866 0.0189854
27.65 27.45 27.85 0.623355 -0.0138326 9.67792e-05 0.0225067
28.05 27.85 28.25 0.618202 -0.0135541 0.00176081 0.0263776
28.45 28.25 28.65 0.613029 -0.015552 0.00179135 0.0548669
28.85 28.65 29.05 0.607997 -0.0141448 -0.000291757 0.0481393
29.25 29.05 29.45 0.602927 -0.0152832 0.000815817 0.0593727
29.65 29.45 29.85 0.597691 -0.0160712 0.00170545 0.0743438
30.05 29.85 30.25 0.592611 -0.015918 -0.00186153 0.0725469
30.45 30.25 30.65 0.587546 -0.0141863 -0.00264112 0.0431068
30.85 30.65 31.05 0.582393 -0.0142438 -0.00115494 0.0309325
31.25 31.05 31.45 0.57717 -0.0136006 0.00219734 0.0290477
31.65 31.45 31.85 0.572257 -0.0141988 0.000351728 0.0425294
32.05 31.85 32.25 0.567433 -0.0132029 -0.00145486 0.0305526
32.45 32.25 32.65 0.562566 -0.0130043 0.000330895 0.0251514
32.85 32.65 33.05 0.557814 -0.0127877 0.00025767 0.025308
33.25 33.05 33.45 0.553037 -0.0132659 0.00149388 0.0351316
33.65 33.45 33.85 0.548251 -0.0141062 0.00221015 0.0544809
34.05 33.85 34.25 0.543623 -0.0141517 -7.15749e-05 0.061989
34.45 34.25 34.65 0.539034 -0.0135 0.000150516 0.0568213
34.85 34.65 35.05 0.534487 -0.013904 0.000897083 0.0636795
35.25 35.05 35.45 0.530125 -0.0130118 -0.000100464 0.0589002
35.65 35.45 35.85 0.525833 -0.0131305 0.000543786 0.0613667
36.05 35.85 36.25 0.521556 -0.0133882 0.000642931 0.0674706
36.45 36.25 36.65 0.517279 -0.0137583 -0.000434896 0.0712475
36.85 36.65 37.05 0.513046 -0.0128825 -0.00315158 0.0519945
37.25 37.05 37.45 0.508717 -0.0115516 -0.00185324 0.0242209
37.65 37.45 37.85 0.504289 -0.0119321 0.00148865 0.026177
38.05 37.85 38.25 0.500049 -0.0117062 0.00116792 0.0331495
38.45 38.25 38.65 0.496051 -0.0111606 -0.000269123 0.0315984
38.85 38.65 39.05 0.492374 -0.0090384 -0.00125105 0.00884646
39.25 39.05 39.45 0.489074 -0.00698638 0.00122011 -0.00835682
39.65 39.45 39.85 0.48641 -0.00542701 0.00193602 -0.0108312
40.05 39.85 40.25 0.484271 -0.00453497 0.00318845 -0.00118314
40.45 40.25 40.65 0.482659 -0.00448779 -0.000169252 0.00848762
40.85 40.65 41.05 0.480961 -0.00482539 -0.00130886 0.00637395
41.25 41.05 41.45 0.478766 -0.00720852 -0.00288107 0.0122669
41.65 41.45 41.85 0.475541 -0.0100965 -0.00294351 0.0169178
42.05 41.85 42.25 0.471098 -0.0138048 -0.0011411 0.0342055
42.45 42.25 42.65 0.465665 -0.0168444 -0.00176962 0.0498326
42.85 42.65 43.05 0.459516 -0.0175682 -0.00042692 0.0485427
43.25 43.05 43.45 0.453298 -0.0171258 -0.000122078 0.0430257
43.65 43.45 43.85 0.447378 -0.0152902 -0.000416554 0.0259341
44.05 43.85 44.25 0.441793 -0.0140571 0.00153733 0.019394
44.45 44.25 44.65 0.436612 -0.0136448 0.00197367 0.0276613
44.85 44.65 45.05 0.431701 -0.0136446 0.00198601 0.040859
45.25 45.05 45.45 0.427026 -0.0135696 0.00105282 0.0503631
45.65 45.45 45.85 0.4226 -0.0125618 0.000655826 0.0476605
46.05 45.85 46.25 0.418541 -0.0112969 0.000645903 0.0414589
46.45 46.25 46.65 0.41483 -0.0103948 0.0014394 0.040892
46.85 46.65 47.05 0.411508 -0.00965292 0.00101853 0.0429029
47.25 47.05 47.45 0.408525 -0.00868868 0.000357506 0.0394544
47.65 47.45 47.85 0.405749 -0.00836923 -0.000164135 0.0374368
48.05 47.85 48.25 0.4031 -0.00763936 -0.000972937 0.0275644
48.45 48.25 48.65 0.400423 -0.00765531 -0.000391855 0.023148
48.85 48.65 49.05 0.397668 -0.00797288 -0.00041318 0.023111
49.25 49.05 49.45 0.394836 -0.00797257 -0.00109221 0.0180904
49.65 49.45 49.85 0.391846 -0.00806799 0.000335744 0.0163641
50.05 49.85 50.25 0.388814 -0.00864377 0.000981232 0.0255521
50.45 50.25 50.65 0.385808 -0.00875077 0.000619282 0.0317788
50.85 50.65 51.05 0.382838 -0.00886547 0.000280148 0.0357328
51.25 51.05 51.45 0.379945 -0.00845717 -0.000600416 0.0312627
51.65 51.45 51.85 0.377082 -0.00808013 -0.000676131 0.0238655
52.05 51.85 52.25 0.37427 -0.0075364 -0.00084326 0.0142698
52.45 52.25 52.65 0.371486 -0.00716323 -0.000654796 0.00616652
52.85 52.65 53.05 0.36871 -0.00692505 -0.000200598 0.0013304
53.25 53.05 53.45 0.366002 -0.00651936 -2.13102e-05 -0.00279003
53.65 53.45 53.85 0.363321 -0.00674059 -0.000159108 -0.00154787
54.05 53.85 54.25 0.360621 -0.00650161 5.1493e-05 -0.00389803
54.45 54.25 54.65 0.357935 -0.00663321 0.00063215 -0.000522597
54.85 54.65 55.05 0.355231 -0.00716606 0.00105191 0.00953137
55.25 55.05 55.45 0.352562 -0.00731 0.000439428 0.015702
55.65 55.45 55.85 0.349905 -0.00736452 0.000481991 0.0192277
56.05 55.85 56.25 0.347278 -0.00750719 0.000152517 0.0225316
56.45 56.25 56.65 0.344659 -0.00733539 0.000659858 0.0238079
56.85 56.65 57.05 0.3421 -0.0076889 0.000218096 0.0296803
57.25 57.05 57.45 0.339542 -0.00747694 2.85624e-05 0.0287362
57.65 57.45 57.85 0.337025 -0.00740829 -0.000236474 0.027471
58.05 57.85 58.25 0.334499 -0.00730203 4.99856e-05 0.0259639
58.45 58.25 58.65 0.331979 -0.00742476 0.000125975 0.0275732
58.85 58.65 59.05 0.329459 -0.00743509 -0.000147275 0.0275883
59.25 59.05 59.45 0.326934 -0.00731823 -0.000123411 0.0257122
59.65 59.45 59.85 0.324394 -0.00740725 0.000284783 0.0269919
60.05 59.85 60.25 0.321889 -0.00735413 2.3841e-05 0.027578
60.45 60.25 60.65 0.319404 -0.00723354 0.000170803 0.0272219
60.85 60.65 61.05 0.31696 -0.00722802 -0.000149914 0.0272455
61.25 61.05 61.45 0.314528 -0.00702128 -0.000392877 0.0237134
61.65 61.45 61.85 0.312127 -0.00666655 -0.000515528 0.0177293
62.05 61.85 62.25 0.309737 -0.00649451 -0.000329386 0.0134792
62.45 62.25 62.65 0.307357 -0.00634379 -0.00034758 0.00996666
62.85 62.65 63.05 0.304997 -0.00604524 -7.94198e-05 0.00605546
63.25 63.05 63.45 0.302627 -0.00633231 0.000353658 0.00936183
63.65 63.45 63.85 0.30027 -0.00631602 -3.80967e-06 0.0103922
64.05 63.85 64.25 0.29792 -0.00621352 0.00022091 0.0102617
64.45 64.25 64.65 0.295613 -0.00622778 -9.72692e-05 0.0107927
64.85 64.65 65.05 0.293315 -0.00606519 -0.000378901 0.00785053
65.25 65.05 65.45 0.291023 -0.00582744 -0.000118754 0.00421042
65.65 65.45 65.85 0.288767 -0.00568674 0.000234992 0.00342538
66.05 65.85 66.25 0.28654 -0.00583624 0.000177181 0.00604512
66.45 66.25 66.65 0.284331 -0.00572234 -9.43017e-05 0.00537222
66.85 66.65 67.05 0.28213 -0.00565906 -2.63966e-06 0.00452175
67.25 67.05 67.45 0.279926 -0.00570731 0.000441474 0.00638662
67.65 67.45 67.85 0.277754 -0.00582554 0.000349017 0.0100068
68.05 67.85 68.25 0.275558 -0.00610408 0.000945405 0.0166427
68.45 68.25 68.65 0.27339 -0.00646791 0.000509182 0.0245233
68.85 68.65 69.05 0.271199 -0.00663843 0.000590695 0.0296105
69.25 69.05 69.45 0.269035 -0.00678412 0.000176598 0.0333823
69.65 69.45 69.85 0.266896 -0.00659854 -0.000348003 0.0312644
70.05 69.85 70.25 0.264763 -0.00639099 -0.000128894 0.0279452
70.45 70.25 70.65 0.262662 -0.00625515 0.000134731 0.0268326
70.85 70.65 71.05 0.260603 -0.00623226 -0.000134036 0.0266442
71.25 71.05 71.45 0.258564 -0.00600476 -0.000433652 0.0228561
71.65 71.45 71.85 0.256536 -0.00574107 -0.000214249 0.018499
72.05 71.85 72.25 0.254524 -0.00573585 -8.64736e-05 0.0174531
72.45 72.25 72.65 0.252535 -0.00551844 -0.000255231 0.0145023
72.85 72.65 73.05 0.250559 -0.00545255 -0.000548066 0.0112755
73.25 73.05 73.45 0.248555 -0.00520439 -4.75195e-05 0.00722228
73.65 73.45 73.85 0.246577 -0.00526537 3.60455e-05 0.00769224
74.05 73.85 74.25 0.2446 -0.0052101 0.00032946 0.00844997
74.45 74.25 74.65 0.242649 -0.00538619 4.99163e-05 0.0111819
74.85 74.65 75.05 0.240722 -0.00507638 -0.000299163 0.00776942
75.25 75.05 75.45 0.238808 -0.00496798 0.000172125 0.00644258
75.65 75.45 75.85 0.236929 -0.0049897 0.000275308 0.00811507
76.05 75.85 76.25 0.235086 -0.00499749 -0.00045758 0.00757242
76.45 76.25 76.65 0.233208 -0.00476618 5.98586e-07 0.00412158
76.85 76.65 77.05 0.231327 -0.00501796 0.000546788 0.00804432
77.25 77.05 77.45 0.229473 -0.00508637 0.00022371 0.0111827
77.65 77.45 77.85 0.22762 -0.00516263 0.000160912 0.0131003
78.05 77.85 78.25 0.225787 -0.00502994 0.00042479 0.0139469
78.45 78.25 78.65 0.224003 -0.00517774 0.000289383 0.0175591
78.85 78.65 79.05 0.222236 -0.00515323 -3.69426e-05 0.0181963
79.25 79.05 79.45 0.220472 -0.00505315 0.000377683 0.0184982
79.65 79.45 79.85 0.218772 -0.00505286 -5.32735e-05 0.0195771
80.05 79.85 80.25 0.21705 -0.00512461 0.000133341 0.020442
80.45 80.25 80.65 0.215357 -0.00501542 -0.000484595 0.0183612
80.85 80.65 81.05 0.213652 -0.00477867 -0.000597241 0.0127821
81.25 81.05 81.45 0.211898 -0.00485482 -0.000239263 0.0106284
81.65 81.45 81.85 0.210088 -0.00501051 6.16414e-05 0.0113337
82.05 81.85 82.25 0.208229 -0.00526496 0.000500442 0.0153278
82.45 82.25 82.65 0.206373 -0.00543734 0.000393401 0.0197438
82.85 82.65 83.05 0.204547 -0.00536935 0.000205308 0.0211728
83.25 83.05 83.45 0.202786 -0.00507212 0.000367477 0.0206052
83.65 83.45 83.85 0.201131 -0.00488849 0.000362429 0.021508
84.05 83.85 84.25 0.1995 -0.00517108 0.000495389 0.0267223
84.45 84.25 84.65 0.197931 -0.00487541 2.23563e-05 0.0259842
84.85 84.65 85.05 0.196404 -0.0048379 -3.83159e-05 0.0256184
85.25 85.05 85.45 0.194867 -0.00492645 -0.000185154 0.0256114
85.65 85.45 85.85 0.193311 -0.0047868 5.43298e-05 0.0240116
86.05 85.85 86.25 0.19177 -0.00488018 0.000154107 0.0254846
86.45 86.25 86.65 0.190253 -0.00478304 -0.00031628 0.0241345
86.85 86.65 87.05 0.18873 -0.00458139 0.000130344 0.0218343
87.25 87.05 87.45 0.187255 -0.00460116 -0.000152258 0.021926
87.65 87.45 87.85 0.185765 -0.00455396 -0.000244709 0.0202094
88.05 87.85 88.25 0.184263 -0.0044771 -0.000210939 0.0180501
88.45 88.25 88.65 0.18276 -0.00432804 0.000566645 0.0179936
88.85 88.65 89.05 0.181289 -0.00478677 0.00025329 0.0245495
89.25 89.05 89.45 0.179782 -0.00475634 0.000491736 0.0267793
89.65 89.45 89.85 0.17831 -0.00499298 -0.00010059 0.0300551
90.05 89.85 90.25 0.176824 -0.00472663 -7.22297e-05 0.0272595
90.45 90.25 90.65 0.175348 -0.00485286 -2.65776e-05 0.027982
90.85 90.65 91.05 0.17391 -0.00448937 -0.000648553 0.0227025
91.25 91.05 91.45 0.172474 -0.00421952 -0.000292262 0.0173177
91.65 91.45 91.85 0.171039 -0.00425954 -1.88221e-05 0.0166143
92.05 91.85 92.25 0.169615 -0.00414905 -3.55748e-05 0.0155122
92.45 92.25 92.65 0.168195 -0.00415943 0.000347854 0.0166396
92.85 92.65 93.05 0.16681 -0.00420757 0.000354713 0.0193827
93.25 93.05 93.45 0.165432 -0.00439103 0.000250116 0.0229276
93.65 93.45 93.85 0.164074 -0.00429402 -9.62169e-05 0.0226322
94.05 93.85 94.25 0.162703 -0.0043167 0.000431892 0.0239401
94.45 94.25 94.65 0.161372 -0.00441256 0.000287295 0.0271363
94.85 94.65 95.05 0.160034 -0.00455803 0.000491252 0.0309436
95.25 95.05 95.45 0.158741 -0.00454524 -1.50636e-05 0.0324243
95.65 95.45 95.85 0.157449 -0.00449743 -0.000169968 0.0314092
96.05 95.85 96.25 0.156151 -0.00445909 -0.000378244 0.0292623
96.45 96.25 96.65 0.154858 -0.00415366 -0.00049556 0.0238044
96.85 96.65 97.05 0.153581 -0.00392216 -0.000465431 0.0186719
97.25 97.05 97.45 0.152313 -0.00370788 -0.000324125 0.0142544
97.65 97.45 97.85 0.151017 -0.00381193 0.000388843 0.0153372
98.05 97.85 98.25 0.149789 -0.00363808 -0.000123733 0.0147721
98.45 98.25 98.65 0.148511 -0.00398156 0.000386452 0.0185102
98.85 98.65 99.05 0.147281 -0.00369799 -0.000205763 0.0167494
99.25 99.05 99.45 0.146042 -0.00378402 0.000188303 0.0174081
99.65 99.45 99.85 0.14481 -0.00382301 0.000273767 0.0192733
100.05 99.85 100.25 0.143581 -0.00396963 0.00053185 0.0231805
100.45 100.25 100.65 0.142393 -0.00400315 0.000170505 0.025801
100.85 100.65 101.05 0.141194 -0.00414482 0.000205672 0.0282355
101.25 101.05 101.45 0.140014 -0.00406756 -0.00017971 0.0276783
101.65 101.45 101.85 0.138829 -0.00395639 0.000266226 0.0270402
102.05 101.85 102.25 0.137701 -0.00396096 -0.00034414 0.0268186
102.45 102.25 102.65 0.136561 -0.00370794 -0.000318918 0.0224999
102.85 102.65 103.05 0.135441 -0.00351663 5.57747e-05 0.0200285
103.25 103.05 103.45 0.134372 -0.00349266 -0.000711083 0.0176444
103.65 103.45 103.85 0.133237 -0.00326313 0.000194538 0.0140098
104.05 103.85 104.25 0.132114 -0.00363485 0.000422843 0.0191654
104.45 104.25 104.65 0.130998 -0.00359474 0.000199292 0.0209049
104.85 104.65 105.05 0.129889 -0.00370235 0.000331259 0.0235702
105.25 105.05 105.45 0.128786 -0.00381582 0.000463199 0.027164
105.65 105.45 105.85 0.127712 -0.00392273 -7.85724e-05 0.029337
106.05 105.85 106.25 0.126639 -0.0036956 -0.000177567 0.0265904
106.45 106.25 106.65 0.125571 -0.00373482 -9.77379e-05 0.0259996
106.85 106.65 107.05 0.124544 -0.00335753 -0.000512712 0.0208207
107.25 107.05 107.45 0.123484 -0.00342173 0.000546322 0.0214677
107.65 107.45 107.85 0.122472 -0.00359977 -6.14903e-05 0.0245675
108.05 107.85 108.25 0.121425 -0.00352622 0.00040454 0.0250981
108.45 108.25 108.65 0.120406 -0.0038021 4.12988e-05 0.0288832
108.85 108.65 109.05 0.119368 -0.00366375 4.72039e-05 0.0280253
109.25 109.05 109.45 0.11838 -0.00350605 -0.000343263 0.0257243
109.65 109.45 109.85 0.117365 -0.00351767 -6.1734e-05 0.0244711
110.05 109.85 110.25 0.116361 -0.00340461 -5.12864e-05 0.0231522
110.45 110.25 110.65 0.115353 -0.00344332 0.000609034 0.025334
110.85 110.65 111.05 0.11438 -0.00369095 0.000653794 0.031607
111.25 111.05 111.45 0.113431 -0.00384571 8.62706e-05 0.0353635
111.65 111.45 111.85 0.112521 -0.00348501 -0.000596359 0.0306574
112.05 111.85 112.25 0.111605 -0.00336252 -0.00085735 0.0247909
112.45 112.25 112.65 0.110639 -0.00308326 -0.000150545 0.0191042
112.85 112.65 113.05 0.109745 -0.00280237 -0.000499409 0.0145968
113.25 113.05 113.45 0.108815 -0.0028548 0.000228309 0.0141302
113.65 113.45 113.85 0.107894 -0.0029627 0.000415826 0.0171764
114.05 113.85 114.25 0.107002 -0.00302158 0.000149677 0.0195521
114.45 114.25 114.65 0.106108 -0.00307784 1.9434e-05 0.0205846
114.85 114.65 115.05 0.105224 -0.00295306 -1.80048e-05 0.0195496
115.25 115.05 115.45 0.104362 -0.00292361 -0.000256158 0.0183902
115.65 115.45 115.85 0.103508 -0.00269454 -0.000549057 0.0137973
116.05 115.85 116.25 0.102644 -0.00248471 -0.000184848 0.00960234
116.45 116.25 116.65 0.101801 -0.00249735 -0.000825852 0.00633867
116.85 116.65 117.05 0.100885 -0.00220827 0.000151206 0.0016809
117.25 117.05 117.45 0.0999953 -0.00245073 0.000840051 0.00700557
117.65 117.45 117.85 0.0991396 -0.00273967 0.000372967 0.0134568
118.05 117.85 118.25 0.0982878 -0.00268792 0.00022646 0.0150237
118.45 118.25 118.65 0.0974434 -0.00282501 0.000482583 0.0185296
118.85 118.65 119.05 0.0966093 -0.00302532 0.000455841 0.0233268
119.25 119.05 119.45 0.0957642 -0.00326617 0.000481517 0.0284584
119.65 119.45 119.85 0.0949717 -0.00307139 -4.10895e-05 0.0283034
120.05 119.85 120.25 0.0941335 -0.00344519 0.000744528 0.0337631
120.45 120.25 120.65 0.093312 -0.00362648 0.000679191 0.0400196
120.85 120.65 121.05 0.0925473 -0.00366171 -0.000374962 0.0413273
121.25 121.05 121.45 0.0917766 -0.00328258 -0.000539102 0.035121
121.65 121.45 121.85 0.0909921 -0.00327483 -0.000111705 0.0328871
122.05 121.85 122.25 0.0902185 -0.00316766 -0.000242546 0.0308132
122.45 122.25 122.65 0.0894891 -0.0028341 -0.00122893 0.0231285
122.85 122.65 123.05 0.0887138 -0.00239549 -0.000882787 0.0124345
123.25 123.05 123.45 0.087963 -0.00191735 -0.00026143 0.00463587
123.65 123.45 123.85 0.0872144 -0.00214691 0.000582461 0.007619
124.05 123.85 124.25 0.0864929 -0.00225394 0.000692702 0.0127614
124.45 124.25 124.65 0.0857909 -0.00260607 0.000288387 0.0189661
124.85 124.65 125.05 0.0850355 -0.00280177 0.000711352 0.0239295
125.25 125.05 125.45 0.0843005 -0.00311204 0.000245806 0.0297055
125.65 125.45 125.85 0.0835589 -0.003054 -0.000285726 0.0290888
126.05 125.85 126.25 0.0828431 -0.00270114 -0.000928195 0.0221019
126.45 126.25 126.65 0.0820978 -0.00238227 -6.92273e-05 0.01612
126.85 126.65 127.05 0.0814274 -0.00217652 -0.00013309 0.013731
127.25 127.05 127.45 0.0807826 -0.00209278 -0.000281229 0.011652
127.65 127.45 127.85 0.0800892 -0.00224597 0.000266235 0.0128787
128.05 127.85 128.25 0.0794199 -0.00217222 0.00033915 0.014282
128.45 128.25 128.65 0.0787382 -0.00257926 0.000725184 0.0212218
128.85 128.65 129.05 0.0780803 -0.00267782 6.58708e-05 0.02468
129.25 129.05 129.45 0.0774182 -0.00262528 -0.000200087 0.0237948
129.65 129.45 129.85 0.0767551 -0.00243847 0.000393728 0.0228834
130.05 129.85 130.25 0.0761285 -0.00279923 -0.000337707 0.0260766
130.45 130.25 130.65 0.0754714 -0.00237899 -0.000889958 0.0184823
130.85 130.65 131.05 0.0748138 -0.00200919 -0.000621841 0.0103613
131.25 131.05 131.45 0.0741756 -0.0017739 -0.000734777 0.00387856
131.65 131.45 131.85 0.0735116 -0.00153776 -7.73083e-05 -0.000796292
132.05 131.85 132.25 0.072873 -0.00155091 0.000289846 2.1811e-05
132.45 132.25 132.65 0.0722484 -0.00168718 0.00043092 0.00355993
132.85 132.65 133.05 0.0716735 -0.00161776 -0.000379118 0.00315412
133.25 133.05 133.45 0.0710326 -0.00169609 0.000644806 0.00469248
133.65 133.45 133.85 0.0703864 -0.00223509 0.00104465 0.0148156
134.05 133.85 134.25 0.0697823 -0.00234204 0.000189334 0.0198201
134.45 134.25 134.65 0.0691783 -0.00233869 -0.000200403 0.0197553
134.85 134.65 135.05 0.0685571 -0.0022457 6.38796e-05 0.0185254
135.25 135.05 135.45 0.0679346 -0.00239753 0.000353274 0.0211811
135.65 135.45 135.85 0.0673389 -0.00244448 -0.000540718 0.0209475
136.05 135.85 136.25 0.0666937 -0.00223026 -0.000366647 0.0161379
136.45 136.25 136.65 0.0660774 -0.0019279 -0.000129501 0.0119643
136.85 136.65 137.05 0.0654799 -0.00198516 0.000115664 0.0123954
137.25 137.05 137.45 0.0648568 -0.00219251 0.000556788 0.0163648
137.65 137.45 137.85 0.064288 -0.00211623 6.65621e-05 0.017807
138.05 137.85 138.25 0.0637196 -0.00220219 -1.36552e-05 0.0186997
138.45 138.25 138.65 0.0631283 -0.00221339 0.000543135 0.0205579
138.85 138.65 139.05 0.0626134 -0.00221006 -0.000366616 0.0211186
139.25 139.05 139.45 0.0620954 -0.00192507 -0.00109423 0.0138742
139.65 139.45 139.85 0.0615567 -0.00139932 -0.000917298 0.00278785
140.05 139.85 140.25 0.0610106 -0.00122028 -0.000471542 -0.00333359
140.45 140.25 140.65 0.0604903 -0.000853563 -0.000274938 -0.00887787
140.85 140.65 141.05 0.0600171 -0.000685789 -0.000466592 -0.0127477
141.25 141.05 141.45 0.059473 -0.000843168 0.00103237 -0.00955034
141.65 141.45 141.85 0.0590333 -0.000961907 0.000195309 -0.00446859
142.05 141.85 142.25 0.058547 -0.00123113 0.000537805 0.000218657
142.45 142.25 142.65 0.0580717 -0.00134302 0.000540074 0.00474401
142.85 142.65 143.05 0.0575809 -0.00177297 0.000615172 0.0121777
143.25 143.05 143.45 0.0570766 -0.00192015 0.000852152 0.0182953
143.65 143.45 143.85 0.0566154 -0.00219861 0.000417256 0.0248472
144.05 143.85 144.25 0.0560998 -0.00257073 0.000890118 0.0323061
144.45 144.25 144.65 0.055626 -0.00273139 2.55477e-05 0.0366971
144.85 144.65 145.05 0.0551459 -0.00258439 -0.000300057 0.0345571
145.25 145.05 145.45 0.054656 -0.00254863 -0.000460663 0.0317233
145.65 145.45 145.85 0.0541778 -0.0021447 -0.000791537 0.0241833
146.05 145.85 146.25 0.053691 -0.00191533 -0.000472093 0.0180598
146.45 146.25 146.65 0.0531984 -0.00178313 0.000117229 0.0157752
146.85 146.65 147.05 0.0527229 -0.00187841 0.000726551 0.0193818
147.25 147.05 147.45 0.0522472 -0.00236885 0.00131267 0.0302663
147.65 147.45 147.85 0.0518299 -0.00269334 -0.000126458 0.0369244
148.05 147.85 148.25 0.0513853 -0.00237627 -0.000610942 0.0318241
148.45 148.25 148.65 0.0509466 -0.00214665 -0.000955766 0.0246883
148.85 148.65 149.05 0.0504644 -0.00172866 0.000794005 0.0206658
149.25 149.05 149.45 0.0500394 -0.00251325 0.000936077 0.032971
149.65 149.45 149.85 0.0496453 -0.00243495 -0.000804974 0.0327555
150.05 149.85 150.25 0.0491924 -0.00206264 -8.23374e-05 0.0266952
150.45 150.25 150.65 0.0487799 -0.00219038 -0.000591448 0.0255137
150.85 150.65 151.05 0.0483422 -0.00167424 -6.42437e-05 0.0190269
151.25 151.05 151.45 0.0480021 -0.0015438 -0.000909023 0.0146957
151.65 151.45 151.85 0.0475872 -0.00141347 -0.000798456 0.007918
152.05 151.85 152.25 0.0471127 -0.00130702 -0.000246733 0.00354697
152.45 152.25 152.65 0.0467082 -0.000746603 -0.000241287 -0.0027499
152.85 152.65 153.05 0.0462354 -0.00147863 0.00122949 0.00664438
153.25 153.05 153.45 0.0458223 -0.00159706 -0.000440476 0.0102613
153.65 153.45 153.85 0.0453868 -0.00108197 1.45614e-05 0.00454921
154.05 153.85 154.25 0.0450008 -0.00131867 -0.000340288 0.00543592
154.45 154.25 154.65 0.0445797 -0.00107812 -0.000755418 -0.000221046
154.85 154.65 155.05 0.0441106 -0.000892046 0.000660196 -0.00208903
155.25 155.05 155.45 0.0437087 -0.00122276 0.000864787 0.00575019
155.65 155.45 155.85 0.0433298 -0.00147647 0.000427451 0.0121719
156.05 155.85 156.25 0.0429179 -0.00175984 0.000508937 0.0176546
156.45 156.25 156.65 0.0425238 -0.00174893 0.000601398 0.0212648
156.85 156.65 157.05 0.0421421 -0.00216204 0.000547476 0.028537
157.25 157.05 157.45 0.0417777 -0.00210349 4.15669e-05 0.0300125
157.65 157.45 157.85 0.041401 -0.00220811 0.000318699 0.0320853
158.05 157.85 158.25 0.0410842 -0.00203498 -0.000655574 0.0295196
158.45 158.25 158.65 0.0407148 -0.00190488 0.000105841 0.026603
158.85 158.65 159.05 0.0403728 -0.0020147 -0.000142831 0.0273949
159.25 159.05 159.45 0.0400092 -0.00184363 0.000703097 0.0278368
159.65 159.45 159.85 0.0397017 -0.00227295 0.000373971 0.0350047
160.05 159.85 160.25 0.03945 -0.00186116 -0.00131457 0.0284379
160.45 160.25 160.65 0.0390179 -0.00220316 0.000702608 0.0292479
160.85 160.65 161.05 0.0386719 -0.00202317 0.000267504 0.0309818
161.25 161.05 161.45 0.0383713 -0.00214302 -0.000832536 0.0300971
161.65 161.45 161.85 0.0380162 -0.00155196 0.000204973 0.0230797
162.05 161.85 162.25 0.0376268 -0.00255523 0.00133201 0.0365635
162.45 162.25 162.65 0.0373257 -0.00230709 -0.001056 0.0354157
162.85 162.65 163.05 0.0369769 -0.00181907 -0.000953258 0.0246514
163.25 163.05 163.45 0.0366423 -0.00138861 -0.000354179 0.0167061
163.65 163.45 163.85 0.036307 -0.00152243 0.000427893 0.018067
164.05 163.85 164.25 0.0359903 -0.00170259 9.97273e-05 0.0213271
164.45 164.25 164.65 0.0356332 -0.00187534 6.82662e-05 0.0233266
164.85 164.65 165.05 0.0353095 -0.00155735 -0.000471849 0.0193314
165.25 165.05 165.45 0.0349558 -0.00163032 -8.29414e-05 0.0180902
165.65 165.45 165.85 0.0346076 -0.00148808 -7.94678e-05 0.0163635
166.05 165.85 166.25 0.0342915 -0.00139228 -0.000739834 0.0128341
166.45 166.25 166.65 0.0339212 -0.00107246 0.000902934 0.0107127
166.85 166.65 167.05 0.0336253 -0.00177546 0.000358104 0.0207745
167.25 167.05 167.45 0.0332796 -0.00172867 -0.000147538 0.0210864
167.65 167.45 167.85 0.033017 -0.00108765 -0.00118623 0.0112987
168.05 167.85 168.25 0.0326997 -0.000982847 -0.000157127 0.00594747
168.45 168.25 168.65 0.0324844 -0.000458701 -0.00174732 -0.00476856
168.85 168.65 169.05 0.0321328 -0.000209919 0.000636486 -0.0105445
169.25 169.05 169.45 0.031837 -0.000795678 0.000558378 -0.00168031
169.65 169.45 169.85 0.031468 -0.00114397 0.0010984 0.00674476
170.05 169.85 170.25 0.0311596 -0.0012627 0.00121223 0.0154362
170.45 170.25 170.65 0.030912 -0.0017373 0.000525637 0.0251841
170.85 170.65 171.05 0.0306344 -0.00190267 -0.000104848 0.0279649
171.25 171.05 171.45 0.0302782 -0.0021009 0.000689085 0.0315642
171.65 171.45 171.85 0.0300904 -0.00147645 -0.0013762 0.0240701
172.05 171.85 172.25 0.0297904 -0.00151442 -0.000169887 0.0192329
172.45 172.25 172.65 0.029516 -0.00127796 -0.00026004 0.0158293
172.85 172.65 173.05 0.0292159 -0.00134758 0.00116809 0.0194363
173.25 173.05 173.45 0.0290295 -0.00161283 6.4997e-05 0.025757
173.65 173.45 173.85 0.0287473 -0.00191111 0.00103259 0.0319012
174.05 173.85 174.25 0.0285393 -0.00210842 -0.000262077 0.0361139
174.45 174.25 174.65 0.0282756 -0.00197361 -0.000100387 0.0337823
174.85 174.65 175.05 0.0280904 -0.00156649 -0.00121391 0.0260086
175.25 175.05 175.45 0.0278364 -0.00127364 0.000128077 0.0199487
175.65 175.45 175.85 0.0275951 -0.00169604 0.000241446 0.0247004
176.05 175.85 176.25 0.0273538 -0.00143042 0.000717721 0.0256842
176.45 176.25 176.65 0.027144 -0.00212678 0.000273066 0.0347898
176.85 176.65 177.05 0.0268829 -0.00200137 0.000140716 0.035124
177.25 177.05 177.45 0.0266989 -0.00180114 -0.00138541 0.0293064
177.65 177.45 177.85 0.0264354 -0.00120141 -3.07849e-05 0.019588
178.05 177.85 178.25 0.0261788 -0.00179748 0.000592752 0.0264285
178.45 178.25 178.65 0.0259105 -0.00185178 0.000333687 0.0299691
178.85 178.65 179.05 0.02564 -0.00209087 -2.68845e-05 0.0329842
179.25 179.05 179.45 0.0254014 -0.00158491 -0.000326651 0.0275894
179.65 179.45 179.85 0.0251165 -0.00208029 0.000343689 0.0317744
180.05 179.85 180.25 0.0248963 -0.00161543 -0.00139855 0.0243843
180.45 180.25 180.65 0.0246722 -0.000759306 -0.000826372 0.00983354
180.85 180.65 181.05 0.0243922 -0.00125954 0.000891282 0.0142185
181.25 181.05 181.45 0.0241799 -0.00125131 -0.000266699 0.0162319
181.65 181.45 181.85 0.0239268 -0.00124065 -0.000307044 0.0142306
182.05 181.85 182.25 0.0236958 -0.000916811 -0.00111206 0.00680158
182.45 182.25 182.65 0.023437 -0.000498444 -0.00131199 -0.00476498
182.85 182.65 183.05 0.0231572 0.000184157 0.000583 -0.0128833
183.25 183.05 183.45 0.0228892 -0.000928154 0.00195481 0.00484534
183.65 183.45 183.85 0.0227322 -0.000856274 0.000242268 0.0115699
184.05 183.85 184.25 0.0225366 -0.00123926 0.000242058 0.0163759
184.45 184.25 184.65 0.02236 -0.000959735 -0.000272266 0.0139459
184.85 184.65 185.05 0.0221843 -0.00095512 -0.000199624 0.0123344
185.25 185.05 185.45 0.021928 -0.00121733 0.00174913 0.0196846
185.65 185.45 185.85 0.021786 -0.00182319 0.000444096 0.0320441
186.05 185.85 186.25 0.0216192 -0.00167323 -1.43853e-05 0.0322268
186.45 186.25 186.65 0.0214734 -0.0016657 -0.000586826 0.03016
186.85 186.65 187.05 0.0212128 -0.00192443 0.000243764 0.0311726
187.25 187.05 187.45 0.0210622 -0.00124923 -0.00106072 0.0228227
187.65 187.45 187.85 0.0208226 -0.00141158 0.00095176 0.0238124
188.05 187.85 188.25 0.0206742 -0.0017139 -0.000903894 0.0264913
188.45 188.25 188.65 0.0204695 -0.000927606 -0.000931816 0.0138198
188.85 188.65 189.05 0.0201978 -0.00130165 0.000735763 0.0162833
189.25 189.05 189.45 0.0200537 -0.000871453 -0.000723645 0.0127388
189.65 189.45 189.85 0.0197907 -0.00127258 0.00123662 0.0177914
190.05 189.85 190.25 0.0196744 -0.00120415 -0.00123199 0.0172366
190.45 190.25 190.65 0.0195109 -0.000363615 -0.00093856 0.00299698
190.85 190.65 191.05 0.019332 -0.00051262 -7.72269e-05 0.000852731
191.25 191.05 191.45 0.0191178 -0.000609248 0.000359564 0.00259908
191.65 191.45 191.85 0.0189502 -0.000581026 -0.000505696 0.00187679
192.05 191.85 192.25 0.0188046 -2.44803e-05 -0.00122458 -0.00852868
192.45 192.25 192.65 0.018576 5.55818e-05 0.00085475 -0.0104286
192.85 192.65 193.05 0.0183705 -0.000674391 0.00154081 0.00363966
193.25 193.05 193.45 0.0182206 -0.000897839 0.000847005 0.0134611
193.65 193.45 193.85 0.018098 -0.00114221 0.000207112 0.0190113
194.05 193.85 194.25 0.0178692 -0.00172027 0.00095976 0.027718
194.45 194.25 194.65 0.0176667 -0.00183115 0.000531239 0.033612
194.85 194.65 195.05 0.01752 -0.00181004 -0.000733138 0.0327631
195.25 195.05 195.45 0.0173207 -0.00145574 -0.000158864 0.0268372
195.65 195.45 195.85 0.0171563 -0.00152711 -0.000647731 0.0247434
196.05 195.85 196.25 0.0169845 -0.000971488 -0.000918105 0.0148937
196.45 196.25 196.65 0.0167702 -0.000911648 0.000809243 0.0140322
196.85 196.65 197.05 0.0166721 -0.00100295 -1.69987e-05 0.0174338
197.25 197.05 197.45 0.0165458 -0.00102494 -4.72981e-06 0.0175447
197.65 197.45 197.85 0.0164194 -0.000955539 0.00045622 0.0184713
198.05 197.85 198.25 0.0163249 -0.00124328 -1.13544e-05 0.022352
198.45 198.25 198.65 0.0161514 -0.00147922 0.000121038 0.0246838
198.85 198.65 199.05 0.0159758 -0.00132064 0.000607282 0.0257901
199.25 199.05 199.45 0.0158291 -0.00182391 0.000338358 0.0331361
199.65 199.45 199.85 0.0156587 -0.00175321 0.000224518 0.0344231
200.05 199.85 200.25 0.0154958 -0.00191973 0.000386161 0.0378464
200.45 200.25 200.65 0.0152968 -0.00234733 0.0003977 0.0440226
200.85 200.65 201.05 0.0152093 -0.00165069 -0.00207311 0.0326326
201.25 201.05 201.45 0.0150271 -0.00101538 -0.000706721 0.0180723
201.65 201.45 201.85 0.0148322 -0.00111383 0.00132165 0.0209424
202.05 201.85 202.25 0.0146973 -0.00182711 0.00130952 0.035657
202.45 202.25 202.65 0.0146313 -0.00188381 -0.00109367 0.036849
202.85 202.65 203.05 0.0144223 -0.00164309 0.000317027 0.0322542
203.25 203.05 203.45 0.0143182 -0.00163385 -0.00110248 0.029559
203.65 203.45 203.85 0.0141737 -0.000886225 -0.000744343 0.0171726
204.05 203.85 204.25 0.0141109 -0.000533679 -0.0014599 0.0068873
204.45 204.25 204.65 0.0139367 -0.000369653 -0.000339984 -0.000479193
204.85 204.65 205.05 0.0137869 -0.000164782 -8.35457e-05 -0.00359822
205.25 205.05 205.45 0.0136121 -0.000478403 0.000293818 -0.000283796
205.65 205.45 205.85 0.0135401 0.000160776 -0.00142841 -0.00939226
206.05 205.85 206.25 0.0134087 0.000525267 -9.58685e-05 -0.0175106
206.45 206.25 206.65 0.0132396 -1.42469e-05 0.00155486 -0.00815135
206.85 206.65 207.05 0.0131672 -0.000272931 0.000409509 0.000552253
207.25 207.05 207.45 0.0131111 -0.000150406 -4.70085e-05 0.000739543
207.65 207.45 207.85 0.0129836 -0.000637873 0.000827098 0.00740207
208.05 207.85 208.25 0.0128375 -0.00108986 0.000324076 0.0150059