0 -170.45 -170.45 -170.25 0.000889394 -0.0256663 0.0906691 0.0446273
-170.05 -170.25 -169.85 0.000831716 -0.00294083 -0.0315103 0.0524442
-169.65 -169.85 -169.45 8.54663e-06 0.00895362 -0.00216107 -0.158914
-169.25 -169.45 -169.05 0.000739797 0.00693113 -0.00796234 -0.175805
-168.85 -169.05 -168.65 8.82338e-06 0.0065572 0.00824027 -0.171762
-168.45 -168.65 -168.25 0.000224046 0.00603618 0.0104509 -0.105117
-168.05 -168.25 -167.85 0.000440851 -0.0027127 0.00345099 0.0141304
-167.65 -167.85 -167.45 0.000871409 0.00400104 -0.012324 -0.0713941
-167.25 -167.45 -167.05 0.000628048 0.00438056 -0.00521446 -0.133018
-166.85 -167.05 -166.65 -0.000566694 0.00281227 0.0196454 -0.0718462
-166.45 -166.65 -166.25 0.000462947 -0.000132917 -0.0102953 -0.0161362
-166.05 -166.25 -165.85 8.39967e-05 0.00501808 0.00510355 -0.0763671
-165.65 -165.85 -165.45 0.000256813 -0.00143186 0.00695891 0.0175906
-165.25 -165.45 -165.05 0.000688333 -0.000256117 -0.0076591 0.00545875
-164.85 -165.05 -164.65 0.000392311 0.000746975 -0.00719595 -0.0524172
-164.45 -164.65 -164.25 -1.75509e-05 0.00571301 0.00392889 -0.104691
-164.05 -164.25 -163.85 0.000500545 0.00263556 -0.00422612 -0.0800363
-163.65 -163.85 -163.45 0.000484745 0.00573412 -0.00593672 -0.139734
-163.25 -163.45 -163.05 5.66208e-05 0.0054597 0.00402461 -0.143821
-162.85 -163.05 -162.65 0.000197464 0.00528671 -0.00096385 -0.132177
-162.45 -162.65 -162.25 -5.4706e-05 0.00465817 0.00779761 -0.104159
-162.05 -162.25 -161.85 0.000392542 0.00244945 -0.00188912 -0.0660586
-161.65 -161.85 -161.45 0.000101934 0.00148924 -0.00303892 -0.0744836
-161.25 -161.45 -161.05 2.39584e-05 0.00644926 -0.00444939 -0.140778
-160.85 -161.05 -160.65 -4.06191e-05 0.00637664 0.00641417 -0.133624
-160.45 -160.65 -160.25 0.000174056 0.0021863 0.00501757 -0.0605983
-160.05 -160.25 -159.85 1.56885e-05 -0.000211576 0.00585761 -0.00436546
-159.65 -159.85 -159.45 0.000213239 -0.00122449 -0.00724319 -0.000543102
-159.25 -159.45 -159.05 -0.000302496 0.00237942 0.00111682 -0.0509969
-158.85 -159.05 -158.65 0.000105685 0.00339269 -0.00471037 -0.0714193
-158.45 -158.65 -158.25 -0.000194624 0.00231801 0.00430209 -0.0638246
-158.05 -158.25 -157.85 0.000771213 0.00620561 -0.0191005 -0.145549
-157.65 -157.85 -157.45 0.000212033 0.0108581 0.00447045 -0.233087
-157.25 -157.45 -157.05 -1.84944e-05 0.00358033 0.0129033 -0.114526
-156.85 -157.05 -156.65 0.000146837 0.00136876 -2.04613e-05 -0.0531537
-156.45 -156.65 -156.25 0.000295964 0.00393257 -0.00837028 -0.102488
-156.05 -156.25 -155.85 0.00052759 0.0094336 -0.00922136 -0.206969
-155.65 -155.85 -155.45 -0.000290907 0.0065226 0.0208163 -0.144061
-155.25 -155.45 -155.05 7.62445e-05 -0.00290915 0.00503281 0.020701
-154.85 -155.05 -154.65 0.000405795 0.00264883 -0.00640575 -0.0301919
-154.45 -154.65 -154.25 0.000341112 0.00110425 0.000611291 -0.0366354
-154.05 -154.25 -153.85 0.000573295 0.00307773 -0.00545734 -0.0692345
-153.65 -153.85 -153.45 0.000317144 0.00245855 -0.0050166 -0.0989878
-153.25 -153.45 -153.05 -0.000612148 0.0041004 0.0160035 -0.0760468
-152.85 -153.05 -152.65 0.000561639 0.000529655 -0.011968 -0.0328389
-152.45 -152.65 -152.25 0.00039959 0.0072228 -0.0042719 -0.142748
-152.05 -152.25 -151.85 0.000156835 0.00373942 0.00739957 -0.103294
-151.65 -151.85 -151.45 0.000277062 0.00153811 -0.00580286 -0.0796278
-151.25 -151.45 -151.05 -3.8143e-05 0.00724068 0.00224181 -0.139019
-150.85 -151.05 -150.65 0.000532043 0.00443996 -0.00916486 -0.138757
-150.45 -150.65 -150.25 8.49104e-05 0.00884416 -0.00155679 -0.211197
-150.05 -150.25 -149.85 0.000197234 0.00991982 0.00643641 -0.203896
-149.65 -149.85 -149.45 5.58626e-05 0.000879965 0.00530602 -0.0894222
-149.25 -149.45 -149.05 0.000269201 0.00741712 -0.00500642 -0.1429
-148.85 -149.05 -148.65 0.000512487 0.00638958 -0.00252023 -0.159426
-148.45 -148.65 -148.25 1.87906e-05 0.00462024 0.00710904 -0.129385
-148.05 -148.25 -147.85 0.000382354 0.00471697 -0.00740987 -0.131194
-147.65 -147.85 -147.45 0.000231014 0.00854257 -0.00336676 -0.198996
-147.25 -147.45 -147.05 0.000348743 0.0092039 -0.00156865 -0.220959
-146.85 -147.05 -146.65 -0.000513869 0.00472056 0.0229857 -0.112207
-146.45 -146.65 -146.25 -0.00017717 -0.00436985 0.00574023 0.0592993
-146.05 -146.25 -145.85 0.000533912 0.00249461 -0.0159218 -0.0318431
-145.65 -145.85 -145.45 0.000176613 0.00355705 -0.00556053 -0.112304
-145.25 -145.45 -145.05 -2.6234e-05 0.00702575 -0.00595601 -0.179599
-144.85 -145.05 -144.65 0.000135572 0.0112089 -0.00483 -0.250412
-144.45 -144.65 -144.25 -0.000679105 0.00622304 0.0228651 -0.148746
-144.05 -144.25 -143.85 0.000588884 0.00344162 -0.000391967 -0.0506571
-143.65 -143.85 -143.45 0.000203353 -0.00288151 0.00618379 0.0213417
-143.25 -143.45 -143.05 0.000171483 -0.00121618 -0.0108727 -0.0081658
-142.85 -143.05 -142.65 0.0004252 0.00980037 -0.00951144 -0.167918
-142.45 -142.65 -142.25 0.000524379 0.00565471 -0.00394237 -0.178216
-142.05 -142.25 -141.85 0.000139394 0.00952895 0.0036859 -0.211357
-141.65 -141.85 -141.45 0.000214482 0.00545254 0.00427429 -0.150853
-141.25 -141.45 -141.05 0.000217544 0.00534634 0.00263268 -0.126944
-140.85 -141.05 -140.65 0.000512324 0.00549101 0.000558453 -0.117513
-140.45 -140.65 -140.25 0.000690332 0.003617 -0.00558379 -0.118647
-140.05 -140.25 -139.85 4.30442e-05 0.00467812 -0.00262789 -0.154862
-139.65 -139.85 -139.45 -2.27987e-06 0.0100315 -0.00169724 -0.213891
-139.25 -139.45 -139.05 0.000113049 0.00749054 0.00173072 -0.192605
-138.85 -139.05 -138.65 0.000253552 0.00789661 -0.00423262 -0.204328
-138.45 -138.65 -138.25 0.000267266 0.0112157 0.00270406 -0.237083
-138.05 -138.25 -137.85 -0.000294057 0.00246912 0.0201261 -0.0880938
-137.65 -137.85 -137.45 0.000425483 5.97041e-05 -0.00906833 -0.0311563
-137.25 -137.45 -137.05 0.000396074 0.00706195 -0.00870991 -0.148769
-136.85 -137.05 -136.65 0.00042309 0.00791032 -0.00375653 -0.197394
-136.45 -136.65 -136.25 0.000102542 0.00823433 0.00893565 -0.18283
-136.05 -136.25 -135.85 0.000284228 0.00302879 0.0066302 -0.0875644
-135.65 -135.85 -135.45 0.000537642 0.00236084 -0.00674821 -0.0823915
-135.25 -135.45 -135.05 -0.000172352 0.00381011 0.00595652 -0.0971077
-134.85 -135.05 -134.65 0.000457046 0.0054358 -0.0033913 -0.102104
-134.45 -134.65 -134.25 0.000278801 0.00250384 0.00764099 -0.0635058
-134.05 -134.25 -133.85 0.000220098 -0.00157038 0.000773706 -0.00150496
-133.65 -133.85 -133.45 0.00014806 0.00177826 -0.00615961 -0.0473634
-133.25 -133.45 -133.05 1.22324e-05 0.00453727 0.00349093 -0.0792507
-132.85 -133.05 -132.65 7.79765e-05 -0.000508714 0.00308129 -0.0152934
-132.45 -132.65 -132.25 -0.000167509 7.29112e-05 0.00602062 0.0101994
-132.05 -132.25 -131.85 0.000495968 -0.000395283 -0.00991302 0.00112636
-131.65 -131.85 -131.45 0.000865211 0.00638838 -0.0199285 -0.154876
-131.25 -131.45 -131.05 1.00108e-05 0.0101419 0.00783264 -0.226474
-130.85 -131.05 -130.65 -2.12881e-05 0.00372825 0.00986095 -0.114049
-130.45 -130.65 -130.25 7.54865e-06 0.00165518 0.00139993 -0.0592372
-130.05 -130.25 -129.85 0.000207315 0.00357018 -0.0102621 -0.104736
-129.65 -129.85 -129.45 0.000105419 0.00955214 -0.00242642 -0.196881
-129.25 -129.45 -129.05 0.000321262 0.00758919 0.00235751 -0.180752
-128.85 -129.05 -128.65 0.000183502 0.00419273 -0.00107237 -0.148165
-128.45 -128.65 -128.25 0.000204636 0.00940745 -0.00681562 -0.217914
-128.05 -128.25 -127.85 0.00022028 0.0109043 0.000443559 -0.251628
-127.65 -127.85 -127.45 -0.000357467 0.00566832 0.0183643 -0.145302
-127.25 -127.45 -127.05 -2.86158e-06 -6.88125e-05 0.00354158 -0.0244733
-126.85 -127.05 -126.65 -0.000136778 0.00102632 0.00727058 0.00244117
-126.45 -126.65 -126.25 0.000616412 -0.00174307 -0.0141113 0.00271684
-126.05 -126.25 -125.85 0.00078637 0.00935622 -0.0213425 -0.207957
-125.65 -125.85 -125.45 -0.00024665 0.0110128 0.0184681 -0.231343
-125.25 -125.45 -125.05 0.000493717 0.00222711 0.00172833 -0.0908075
-124.85 -125.05 -124.65 0.000339609 0.00441515 -7.55119e-05 -0.103532
-124.45 -124.65 -124.25 0.00055938 0.00430765 -0.00971898 -0.135284
-124.05 -124.25 -123.85 -0.00023344 0.00766267 0.0113053 -0.157955
-123.65 -123.85 -123.45 0.000540432 0.00422338 0.00442683 -0.0768541
-123.25 -123.45 -123.05 4.86409e-05 -0.00444206 0.00684049 0.0329156
-122.85 -123.05 -122.65 1.84514e-06 0.000697731 -0.00465301 -0.0026244
-122.45 -122.65 -122.25 -0.000136033 0.000274163 0.00062278 -0.0125288
-122.05 -122.25 -121.85 0.000445261 0.00409266 -0.00910791 -0.0726333
-121.65 -121.85 -121.45 0.000239076 0.00350026 -0.000379922 -0.0993228
-121.25 -121.45 -121.05 0.00031989 0.00529201 -0.00422257 -0.129596
-120.85 -121.05 -120.65 0.000145318 0.0053841 -0.0038536 -0.157284
-120.45 -120.65 -120.25 8.92088e-06 0.00877715 -0.0023252 -0.206155
-120.05 -120.25 -119.85 5.15059e-05 0.00936192 0.00695623 -0.195591
-119.65 -119.85 -119.45 6.63456e-05 0.00233696 0.00956651 -0.0819742
-119.25 -119.45 -119.05 5.36002e-05 0.00100687 0.00722723 -0.014911
-118.85 -119.05 -118.65 0.000708294 0.000364014 -0.00708157 -0.00906833
-118.45 -118.65 -118.25 -5.98505e-05 -0.00107309 0.00787039 0.00553692
-118.05 -118.25 -117.85 0.000313948 0.000384585 0.000345498 0.0207759
-117.65 -117.85 -117.45 0.000162837 -0.00480513 -0.00236765 0.0572831
-117.25 -117.45 -117.05 0.000327925 0.00398906 -0.0116923 -0.0628683
-116.85 -117.05 -116.65 0.000507718 0.00628303 -0.00477644 -0.13688
-116.45 -116.65 -116.25 0.000652463 0.00685852 -0.00474896 -0.173428
-116.05 -116.25 -115.85 0.000301244 0.00699368 0.00159067 -0.185082
-115.65 -115.85 -115.45 -0.000180726 0.00536504 0.0155272 -0.11445
-115.25 -115.45 -115.05 0.000173361 -0.00243179 -0.00327728 -0.00864312
-114.85 -115.05 -114.65 0.000893622 0.0108214 -0.0211996 -0.200676
-114.45 -114.65 -114.25 -0.000191303 0.00639503 0.0149385 -0.18466
-114.05 -114.25 -113.85 7.26861e-05 0.0041047 0.00224958 -0.10828
-113.65 -113.85 -113.45 0.0002717 0.00504833 -0.00103649 -0.1121
-113.25 -113.45 -113.05 0.000391564 0.00452252 -0.00250016 -0.119507
-112.85 -113.05 -112.65 0.000384487 0.00676806 0.0027528 -0.137377
-112.45 -112.65 -112.25 0.000156113 6.43731e-05 0.00204387 -0.0655246
-112.05 -112.25 -111.85 0.000173853 0.00632879 -0.00516525 -0.128133
-111.65 -111.85 -111.45 1.90699e-05 0.00496405 0.00823961 -0.106512
-111.25 -111.45 -111.05 -0.000102412 -0.00141211 0.00765478 -0.000396011
-110.85 -111.05 -110.65 0.000545715 0.00300599 -0.00899312 -0.0416747
-110.45 -110.65 -110.25 0.00038662 0.00186523 -0.00427093 -0.0763818
-110.05 -110.25 -109.85 1.0508e-05 0.00600777 0.0125779 -0.0832131
-109.65 -109.85 -109.45 0.000270455 -0.00566877 0.00700535 0.0793689
-109.25 -109.45 -109.05 0.000204471 -0.00349142 -0.0130715 0.0410038
-108.85 -109.05 -108.65 0.000121078 0.00703322 -0.00939465 -0.121589
-108.45 -108.65 -108.25 -0.000187777 0.00403658 0.0113148 -0.0902162
-108.05 -108.25 -107.85 0.000886089 0.00358022 -0.0156918 -0.101003
-107.65 -107.85 -107.45 0.000256964 0.00830305 0.00215607 -0.18548
-107.25 -107.45 -107.05 -0.000100252 0.00202514 0.00130861 -0.121615
-106.85 -107.05 -106.65 -0.000255244 0.00878272 0.000559889 -0.1717
-106.45 -106.65 -106.25 -8.36459e-07 0.00486803 0.0020142 -0.130497
-106.05 -106.25 -105.85 0.0001761 0.00622181 -0.000216618 -0.135786
-105.65 -105.85 -105.45 -0.000122603 0.00284525 0.0112648 -0.0708212
-105.25 -105.45 -105.05 0.000536868 0.00103976 -0.0108193 -0.0542906
-104.85 -105.05 -104.65 0.000300611 0.0074257 -0.00647373 -0.16515
-104.45 -104.65 -104.25 0.000463493 0.00923298 -0.00192136 -0.208195
-104.05 -104.25 -103.85 0.000314469 0.00680869 0.00448301 -0.179453
-103.65 -103.85 -103.45 0.000385237 0.00582184 -0.00384424 -0.1691
-103.25 -103.45 -103.05 -0.000478735 0.00492425 0.00833555 -0.146649
-102.85 -103.05 -102.65 5.20945e-06 0.00725245 0.000412155 -0.136892
-102.45 -102.65 -102.25 0.000417172 0.00364554 -0.0116024 -0.144135
-102.05 -102.25 -101.85 0.000392999 0.0146711 -0.00953953 -0.306488
-101.65 -101.85 -101.45 -0.000379247 0.0076993 0.0128503 -0.237354
-101.25 -101.45 -101.05 0.000356202 0.0116492 -0.0052534 -0.244947
-100.85 -101.05 -100.65 7.99392e-05 0.00734694 0.00697042 -0.203371
-100.45 -100.65 -100.25 -3.95723e-05 0.00593126 0.00602149 -0.148267
-100.05 -100.25 -99.85 3.01247e-05 0.00379159 0.00350036 -0.0986973
-99.65 -99.85 -99.45 -0.000122712 0.00129194 -0.000721001 -0.0686023
-99.25 -99.45 -99.05 -5.24433e-05 0.00627469 -0.00261229 -0.121236
-98.85 -99.05 -98.65 0.000260272 0.00572353 0.000730476 -0.122916
-98.45 -98.65 -98.25 -5.12482e-05 0.00201543 0.0141422 -0.0424396
-98.05 -98.25 -97.85 -4.5173e-05 -0.00524548 0.00718158 0.0891473
-97.65 -97.85 -97.45 -6.41344e-05 -0.00397944 -0.000397393 0.101211
-97.25 -97.45 -97.05 0.000101298 -0.00257011 0.00176878 0.0940377
-96.85 -97.05 -96.65 0.000499691 -0.00490208 -0.00861322 0.090656
-96.45 -96.65 -96.25 7.03827e-05 -0.000249595 -0.00261828 0.0144469
-96.05 -96.25 -95.85 -0.000137221 -0.00217657 -0.00694242 -0.00136392
-95.65 -95.85 -95.45 -0.000136381 0.0071784 -0.00815931 -0.129661
-95.25 -95.45 -95.05 -3.94657e-05 0.00616412 0.00155069 -0.143237
-94.85 -95.05 -94.65 -0.00022724 0.00354286 0.00866258 -0.0873494
-94.45 -94.65 -94.25 -0.000191269 -0.000682166 -0.000168607 -0.0238276
-94.05 -94.25 -93.85 9.4015e-05 0.00580858 -0.00638993 -0.099779
-93.65 -93.85 -93.45 0.000334505 0.00507358 -0.00281374 -0.124333
-93.25 -93.45 -93.05 0.000309994 0.00555603 -0.00439795 -0.152392
-92.85 -93.05 -92.65 -0.000179429 0.00598328 0.00279966 -0.16128
-92.45 -92.65 -92.25 -0.000455063 0.00477043 0.00850441 -0.113493
-92.05 -92.25 -91.85 -0.00012201 0.00267967 0.0035568 -0.0558659
-91.65 -91.85 -91.45 -0.000254639 -0.000947595 0.0048094 0.00224859
-91.25 -91.45 -91.05 -8.93559e-05 0.000236876 -0.00223403 0.000962562
-90.85 -91.05 -90.65 9.20781e-06 0.00155044 0.00283455 -0.00798205
-90.45 -90.65 -90.25 0.000719453 0.000423371 -0.0134316 -0.0339134
-90.05 -90.25 -89.85 0.000416543 0.00692571 -0.00741149 -0.157577
-89.65 -89.85 -89.45 6.59308e-05 0.0066985 0.00564558 -0.16157
-89.25 -89.45 -89.05 -0.000380642 0.0014918 0.0167253 -0.0436109
-88.85 -89.05 -88.65 -0.000215629 -0.00412513 0.00750198 0.0839544
-88.45 -88.65 -88.25 -3.87665e-05 -0.00420447 0.000443109 0.111099
-88.05 -88.25 -87.85 0.000789917 -0.000171847 -0.0124246 0.0375558
-87.65 -87.85 -87.45 0.00103141 0.0020673 -0.0179316 -0.0822908
-87.25 -87.45 -87.05 -0.000430677 0.00461325 0.00872809 -0.134185
-86.85 -87.05 -86.65 -0.00066684 0.00209222 0.0135175 -0.0390247
-86.45 -86.65 -86.25 -0.000217012 -0.00297071 -0.000842162 0.0454175
-86.05 -86.25 -85.85 -0.00025603 0.00045114 -0.0016864 0.00847346
-85.65 -85.85 -85.45 -0.000267603 -0.000951143 0.0021155 0.0215895
-85.25 -85.45 -85.05 0.000299433 0.00119648 -0.0131009 -0.0329253
-84.85 -85.05 -84.65 -0.000735775 0.00160196 0.0125753 -0.0380562
-84.45 -84.65 -84.25 -3.82074e-05 -0.000299138 -0.00606074 -0.000498562
-84.05 -84.25 -83.85 -0.000362502 0.00144297 0.00186705 -0.0289951
-83.65 -83.85 -83.45 -0.00016842 0.00163002 0.00514463 -0.00718163
-83.25 -83.45 -83.05 -0.000130987 -0.00489428 -0.00204465 0.0575209
-82.85 -83.05 -82.65 -0.000100772 0.00327084 -0.00864162 -0.0461427
-82.45 -82.65 -82.25 -0.000232344 0.00318994 0.00860478 -0.0455913
-82.05 -82.25 -81.85 0.00015469 -0.00204784 0.00260713 0.0354299
-81.65 -81.85 -81.45 -2.50146e-05 -0.0029976 -0.00190353 0.0456898
-81.25 -81.45 -81.05 0.000452838 0.00405337 -0.00994698 -0.0525699
-80.85 -81.05 -80.65 0.000425529 0.00254485 -0.00425481 -0.0873382
-80.45 -80.65 -80.25 -0.000263906 0.00309108 0.00743561 -0.0812875
-80.05 -80.25 -79.85 -0.000592212 -0.00150404 0.0110372 0.0185812
-79.65 -79.85 -79.45 -0.000239935 -0.00213859 -0.000404068 0.0593128
-79.25 -79.45 -79.05 -9.77037e-05 -0.00205597 -0.00484375 0.0411316
-78.85 -79.05 -78.65 0.000200822 0.00327398 -0.00562983 -0.0381965
-78.45 -78.65 -78.25 -2.57553e-06 -0.000427044 0.00247892 -0.0178577
-78.05 -78.25 -77.85 -0.000441447 -0.00120536 0.00328624 0.00784544
-77.65 -77.85 -77.45 0.000136645 0.00322175 -0.00940091 -0.0494294
-77.25 -77.45 -77.05 0.00020754 0.00484428 0.00124086 -0.0901506
-76.85 -77.05 -76.65 0.00010032 0.000121334 0.00416392 -0.0327768
-76.45 -76.65 -76.25 -0.000329841 -0.000829598 0.00788016 0.0152945
-76.05 -76.25 -75.85 0.000114706 -0.00113587 -0.00353745 0.0323226
-75.65 -75.85 -75.45 -0.000230151 -0.00172131 0.00703355 0.0488549
-75.25 -75.45 -75.05 -9.35201e-05 -0.00497567 -0.000636615 0.0972977
-74.85 -75.05 -74.65 -0.000532221 -0.00425852 0.00437811 0.103793
-74.45 -74.65 -74.25 0.000114264 -0.00235777 -0.0107923 0.0665728
-74.05 -74.25 -73.85 -0.000289762 -0.000870327 0.000368962 0.0194329
-73.65 -73.85 -73.45 -0.000373096 -0.00133036 0.000704176 0.0268436
-73.25 -73.45 -73.05 -0.000114951 -9.3589e-05 -0.0111708 -0.0183517
-72.85 -73.05 -72.65 -0.000229679 0.00686841 -0.00245925 -0.121802
-72.45 -72.65 -72.25 -0.000382692 0.00139578 0.00434334 -0.0699164
-72.05 -72.25 -71.85 -0.000213859 0.00439792 -0.00295067 -0.090292
-71.65 -71.85 -71.45 -0.00033306 0.00367537 0.0105485 -0.0589447
-71.25 -71.45 -71.05 -0.000178544 -0.00410801 0.00284723 0.0505691
-70.85 -71.05 -70.65 -8.97691e-05 0.00144365 0.000537273 0.015587
-70.45 -70.65 -70.25 0.000409122 -0.00205166 -0.0076697 0.0209398
-70.05 -70.25 -69.85 0.000156644 0.00366775 0.00135935 -0.0477564
-69.65 -69.85 -69.45 -9.76062e-06 -0.00326487 0.00267555 0.0234651
-69.25 -69.45 -69.05 -0.000553004 -0.000825368 0.00872794 0.0411475
-68.85 -69.05 -68.65 7.3458e-05 -0.00379726 -0.00844791 0.0668468
-68.45 -68.65 -68.25 -0.000311878 0.00110805 0.00201194 0.00451595
-68.05 -68.25 -67.85 0.0001846 -1.36e-05 0.000267951 0.0214626
-67.65 -67.85 -67.45 0.000105109 -0.00323153 0.000469394 0.0507366
-67.25 -67.45 -67.05 0.000217187 -0.000167817 -0.0114839 -0.0115094
-66.85 -67.05 -66.65 -0.000127538 0.00543282 0.00559558 -0.077809
-66.45 -66.65 -66.25 0.000330369 -0.000732503 0.00159541 -0.00246137
-66.05 -66.25 -65.85 0.000206394 -0.000484154 -0.00517003 -0.0164463
-65.65 -65.85 -65.45 -0.000136677 0.00261709 -0.00336765 -0.070749
-65.25 -65.45 -65.05 0.00030168 0.00753306 -0.00694143 -0.146079
-64.85 -65.05 -64.65 -0.000240467 0.00317055 0.0130257 -0.0894438
-64.45 -64.65 -64.25 0.000177896 0.00118679 0.00169761 -0.0238347
-64.05 -64.25 -63.85 0.00014095 -0.000794873 -0.00155558 -0.00684743
-63.65 -63.85 -63.45 -0.000246116 0.000825349 0.00539113 -0.00756413
-63.25 -63.45 -63.05 0.000155063 -0.00123486 -0.0080513 0.000737008
-62.85 -63.05 -62.65 -0.0005821 0.00183303 0.00954835 -0.0198385
-62.45 -62.65 -62.25 -0.000787778 -0.00590619 0.0169601 0.133016
-62.05 -62.25 -61.85 7.14973e-06 -0.00746181 -0.00794153 0.176042
-61.65 -61.85 -61.45 0.000261277 -0.00156225 -0.012376 0.0591536
-61.25 -61.45 -61.05 3.46844e-05 -0.000212606 -0.00727231 -0.0175879
-60.85 -61.05 -60.65 -0.0004067 0.00338498 0.00523453 -0.0543604
-60.45 -60.65 -60.25 -0.000134337 0.000299064 0.0112032 0.0261482
-60.05 -60.25 -59.85 0.000103356 -0.00731593 0.00238901 0.134914
-59.65 -59.85 -59.45 1.65318e-05 -0.0045577 -0.011542 0.0814187
-59.25 -59.45 -59.05 -0.000403475 0.00150497 -0.0046115 -0.0229487
-58.85 -59.05 -58.65 5.41499e-05 0.00518005 -0.00301787 -0.0790056
-58.45 -58.65 -58.25 1.57416e-05 0.000581243 0.00239796 -0.0427486
-58.05 -58.25 -57.85 -0.000613219 -0.00118325 0.00765581 0.00546812
-57.65 -57.85 -57.45 -0.000422198 -0.000732332 -0.000474192 0.0256492
-57.25 -57.45 -57.05 -0.000166199 0.000208786 -0.00335063 0.0050571
-56.85 -57.05 -56.65 5.45705e-05 0.00258795 0.00281285 -0.0165619
-56.45 -56.65 -56.25 -0.000260817 -0.00605119 0.00909108 0.0951107
-56.05 -56.25 -55.85 0.000353513 -0.000372239 -0.0112327 0.0406473
-55.65 -55.85 -55.45 -5.85916e-05 -0.000660494 0.00947122 0.0371777
-55.25 -55.45 -55.05 0.000101019 -0.00692593 -0.00247061 0.112725
-54.85 -55.05 -54.65 -0.0001515 -0.0012843 -0.00950567 0.0257906
-54.45 -54.65 -54.25 0.000142448 0.00520455 -0.0122663 -0.100856
-54.05 -54.25 -53.85 -0.000246481 0.00593368 0.0102385 -0.113692
-53.65 -53.85 -53.45 -8.52689e-05 -0.000978208 0.0115628 0.0165782
-53.25 -53.45 -53.05 -0.000211368 -0.00698536 -0.00225224 0.0976732
-52.85 -53.05 -52.65 -0.000226001 0.00225963 -0.0100668 -0.0204318
-52.45 -52.65 -52.25 0.000304835 0.00627301 -0.00674191 -0.109906
-52.05 -52.25 -51.85 0.000240116 0.00349244 -0.000357693 -0.110399
-51.65 -51.85 -51.45 3.65372e-05 0.0049067 -8.37181e-05 -0.123656
-51.25 -51.45 -51.05 -0.000543945 0.0021578 0.0144419 -0.0528882
-50.85 -51.05 -50.65 -0.000179891 -0.0021799 0.00279684 0.040722
-50.45 -50.65 -50.25 -0.000300128 -0.00282403 2.99404e-05 0.0555123
-50.05 -50.25 -49.85 -2.30682e-05 -5.77138e-05 -0.0110728 -0.00434975
-49.65 -49.85 -49.45 -0.00034262 0.00366926 -0.00107887 -0.0759133
-49.25 -49.45 -49.05 -0.00011952 0.00475869 0.00774924 -0.0627573
-48.85 -49.05 -48.65 0.000129855 -0.00380042 0.00190394 0.0407459
-48.45 -48.65 -48.25 -0.000561198 -0.00216115 0.0126239 0.0755114
-48.05 -48.25 -47.85 -0.000236975 -0.00840884 0.00210488 0.176671
-47.65 -47.85 -47.45 0.000288828 -0.00271316 -0.0122136 0.0955114
-47.25 -47.45 -47.05 0.000231359 -0.00107509 -0.00715839 0.0172874
-46.85 -47.05 -46.65 -0.000223388 0.00115426 0.00909981 0.00518086
-46.45 -46.65 -46.25 -0.000224892 -0.00670987 0.00781547 0.1271
-46.05 -46.25 -45.85 0.000509849 -0.00170338 -0.0147399 0.0622973
-45.65 -45.85 -45.45 -0.000466197 -0.00308838 0.00930922 0.0557366
-45.25 -45.45 -45.05 -2.1755e-05 -0.00241769 -0.00584763 0.0616862
-44.85 -45.05 -44.65 0.000133322 0.00096844 -0.0055149 -0.00440665
-44.45 -44.65 -44.25 -0.000345908 -0.001653 0.00591859 0.0187843
-44.05 -44.25 -43.85 2.96106e-05 0.000740803 -0.00168163 0.0129592
-43.65 -43.85 -43.45 0.000195173 -0.00123868 -0.00284498 0.0143662
-43.25 -43.45 -43.05 0.000225883 0.0015094 -0.00896831 -0.0479121
-42.85 -43.05 -42.65 -0.000454438 0.00332117 0.0120877 -0.0526121
-42.45 -42.65 -42.25 -2.79229e-05 -0.00298743 0.00186456 0.0464671
-42.05 -42.25 -41.85 -9.11289e-05 -0.000883722 0.00123798 0.039278
-41.65 -41.85 -41.45 0.000234379 -0.00151163 -0.00388035 0.0357026
-41.25 -41.45 -41.05 0.000566915 0.00172523 -0.0144791 -0.0524692
-40.85 -41.05 -40.65 9.32355e-05 0.00663856 0.00105778 -0.138151
-40.45 -40.65 -40.25 -0.000212642 0.0019438 0.0146575 -0.046644
-40.05 -40.25 -39.85 -0.000245585 -0.00520283 0.00663284 0.083879
-39.65 -39.85 -39.45 -1.83511e-05 -0.00224909 -0.00977118 0.0488033
-39.25 -39.45 -39.05 -0.000137419 0.00210768 -0.00526687 -0.03763
-38.85 -39.05 -38.65 -0.000235801 0.00278769 0.00591893 -0.0411231
-38.45 -38.65 -38.25 0.000590981 0.00183283 -0.00767979 -0.0390355
-38.05 -38.25 -37.85 0.000621063 0.00462983 -0.00454287 -0.103086
-37.65 -37.85 -37.45 0.000115765 0.00276484 0.0117247 -0.063605
-37.25 -37.45 -37.05 0.000346969 -0.0016786 0.00346809 0.0240663
-36.85 -37.05 -36.65 0.000505709 -0.00105941 -0.0098515 -0.0023716
-36.45 -36.65 -36.25 0.000126811 0.00413699 -0.00350428 -0.0901942
-36.05 -36.25 -35.85 -3.37183e-05 0.00365242 0.00554934 -0.0793392
-35.65 -35.85 -35.45 -0.000356689 -0.00127299 0.0170809 0.03714
-35.25 -35.45 -35.05 0.000155434 -0.00645069 0.00159634 0.142545
-34.85 -35.05 -34.65 0.000109587 -0.00584673 -0.00500716 0.126142
-34.45 -34.65 -34.25 3.35351e-05 -0.00237135 -0.0086091 0.0517934
-34.05 -34.25 -33.85 -0.000111133 0.00189443 0.00147406 -0.00753828
-33.65 -33.85 -33.45 -1.72923e-05 -0.00244301 0.0047449 0.0493369
-33.25 -33.45 -33.05 -0.000557024 -0.00591918 0.0153567 0.14531
-32.85 -33.05 -32.65 6.63375e-05 -0.00897025 -0.00368256 0.20965
-32.45 -32.65 -32.25 0.000115545 -0.00576863 -0.00761516 0.14531
-32.05 -32.25 -31.85 0.0004841 -0.000863038 -0.0153479 0.027887
-31.65 -31.85 -31.45 0.000229297 0.00412585 -0.000167045 -0.0654035
-31.25 -31.45 -31.05 0.00012772 -0.000929581 0.00152002 -0.018765
-30.85 -31.05 -30.65 -0.000389082 0.000466929 0.00992003 0.00773096
-30.45 -30.65 -30.25 0.000116142 -0.00358444 -0.00552032 0.056158
-30.05 -30.25 -29.85 -0.000189384 0.000979824 0.000812011 0.00242819
-29.65 -29.85 -29.45 0.000545288 0.00197416 -0.00878839 -0.0324459
-29.25 -29.45 -29.05 0.000155363 0.0021145 0.00699545 -0.0395918
-28.85 -29.05 -28.65 0.000261061 -0.00243502 -0.00252052 0.0132372
-28.45 -28.65 -28.25 0.000214164 0.00348989 -0.00700228 -0.0678797
-28.05 -28.25 -27.85 -0.000136667 0.00242323 0.00387539 -0.0694139
-27.65 -27.85 -27.45 -0.000301673 0.00100617 0.00698204 -0.0214136
-27.25 -27.45 -27.05 0.000133478 -0.00025322 -0.00583131 -0.00708293
-26.85 -27.05 -26.65 -0.00018457 0.00209539 0.00208706 -0.0391355
-26.45 -26.65 -26.25 -0.000393488 -0.00119789 0.00907051 0.0255003
-26.05 -26.25 -25.85 0.000311887 -0.000841139 -0.00931929 0.0216982
-25.65 -25.85 -25.45 5.9561e-05 0.00148286 -0.00362827 -0.040827
-25.25 -25.45 -25.05 3.88466e-05 0.00311672 -0.00475575 -0.0823892
-24.85 -25.05 -24.65 -0.000342075 0.00405647 0.00882228 -0.0766654
-24.45 -24.65 -24.25 -1.40583e-05 -0.000251327 0.00612785 0.00906669
-24.05 -24.25 -23.85 0.000213394 -0.00234524 -0.00401855 0.0335469
-23.65 -23.85 -23.45 0.000712411 0.00469659 -0.0172016 -0.0958688
-23.25 -23.45 -23.05 0.000311042 0.00730664 -0.00394994 -0.188125
-22.85 -23.05 -22.65 -0.000260794 0.00689219 0.0124433 -0.15636
-22.45 -22.65 -22.25 0.000451602 0.00414609 0.00045968 -0.0904656
-22.05 -22.25 -21.85 -0.000875927 -0.0047284 0.0289421 0.0814942
-21.65 -21.85 -21.45 -0.000168866 -0.0093953 0.000952922 0.220035
-21.25 -21.45 -21.05 0.000480905 -0.00490091 -0.0168412 0.129621
-20.85 -21.05 -20.65 -0.000147011 -0.00193633 0.00105118 0.0522826
-20.45 -20.65 -20.25 8.42731e-05 -0.00110969 0.000825222 0.0516486
-20.05 -20.25 -19.85 -0.000255271 -0.00538508 0.0155257 0.14178
-19.65 -19.85 -19.45 -0.000449624 -0.0148949 0.00569069 0.291749
-19.25 -19.45 -19.05 0.000253158 -0.0044386 -0.0164391 0.168786
-18.85 -19.05 -18.65 6.00796e-05 -0.00396867 0.00637002 0.131306
-18.45 -18.65 -18.25 0.000386601 -0.00886419 -0.0030866 0.183047
-18.05 -18.25 -17.85 -0.000273633 -0.00673852 0.00907222 0.185285
-17.65 -17.85 -17.45 0.000190048 -0.0108993 -0.0108359 0.214079
-17.25 -17.45 -17.05 -0.000244363 -0.00207193 -0.00340886 0.0930353
-16.85 -17.05 -16.65 0.000374497 -0.00109808 -0.0042358 0.0594377
-16.45 -16.65 -16.25 0.000222657 -0.00415762 -0.00200351 0.0641362
-16.05 -16.25 -15.85 0.000235394 0.000777053 -0.00939133 -0.0149689
-15.65 -15.85 -15.45 -0.000109721 0.00293762 0.0058815 -0.044673
-15.25 -15.45 -15.05 -0.000470044 -0.00444237 0.0171526 0.0936073
-14.85 -15.05 -14.65 0.000301954 -0.00595532 -0.00820846 0.136029
-14.45 -14.65 -14.25 0.000517877 -0.000221916 -0.0153271 0.00979913
-14.05 -14.25 -13.85 0.000307965 0.00515626 -0.0020087 -0.0928048
-13.65 -13.85 -13.45 0.000267834 0.00190834 0.00380899 -0.0597379
-13.25 -13.45 -13.05 -0.000396387 -0.00213884 0.0139545 0.0332002
-12.85 -13.05 -12.65 0.000404192 -0.00136581 -0.00686555 0.0503881
-12.45 -12.65 -12.25 0.000190677 -0.00145603 0.000275117 0.0291718
-12.05 -12.25 -11.85 0.000551768 0.0014311 -0.00550967 -0.0123361
-11.65 -11.85 -11.45 4.7491e-05 -0.00200467 0.00404438 0.011411
-11.25 -11.45 -11.05 -5.92522e-05 -7.89052e-05 0.00103846 0.0123058
-10.85 -11.05 -10.65 -0.00015347 -0.00170049 0.00844259 0.0574224
-10.45 -10.65 -10.25 0.000519417 -0.00270333 -0.000389748 0.0926222
-10.05 -10.25 -9.85 0.000106466 -0.00777991 0.00830354 0.161306
-9.65 -9.85 -9.45 0.000356799 -0.0068073 -0.00736082 0.156344
-9.25 -9.45 -9.05 0.000560633 -0.000876777 -0.00939294 0.0510768
-8.85 -9.05 -8.65 0.000693225 0.00118952 -0.00125728 -0.00164306
-8.45 -8.65 -8.25 0.000150674 -0.00480091 0.0082146 0.0714682
-8.05 -8.25 -7.85 0.000203525 -0.00355712 -0.00871836 0.0594242
-7.65 -7.85 -7.45 5.65342e-06 0.00282288 -0.000356005 -0.0239904
-7.25 -7.45 -7.05 -7.03891e-05 -0.0023768 0.00782432 0.0442347
-6.85 -7.05 -6.65 0.000143886 -0.00320934 -0.00349681 0.0655975
-6.45 -6.65 -6.25 -5.61503e-06 -0.00117284 -0.00346952 0.0254056
-6.05 -6.25 -5.85 -0.000198334 -0.000127639 0.00285988 0.0146635
-5.65 -5.85 -5.45 -0.000287958 -0.00304612 0.00560344 0.0671952
-5.25 -5.45 -5.05 -8.2405e-05 -0.00284182 0.00389451 0.0971525
-4.85 -5.05 -4.65 2.35999e-05 -0.00653256 0.00594329 0.160701
-4.45 -4.65 -4.25 0.000138896 -0.0084587 -0.00132721 0.192139
-4.05 -4.25 -3.85 0.000557117 -0.00368529 -0.0134621 0.103063
-3.65 -3.85 -3.45 0.000412623 0.000688145 0.000378207 0.0230051
-3.25 -3.45 -3.05 0.000559779 -0.00392214 -0.00699804 0.039358
-2.85 -3.05 -2.65 8.45475e-05 0.00336155 0.00305447 -0.0344846
-2.45 -2.65 -2.25 0.000471122 -0.0016974 -0.00484531 0.00170378
-2.05 -2.25 -1.85 -0.000178487 0.000904806 0.0016388 -0.0306696
-1.65 -1.85 -1.45 -0.000341266 0.000109571 0.0027907 -0.00927762
-1.25 -1.45 -1.05 0.000135726 0.00205441 -0.0102185 -0.0502439
-0.85 -1.05 -0.65 -0.000326055 0.00518628 0.0161996 -0.0564056
-0.45 -0.65 -0.25 0.00304293 0.0176248 0.0406111 0.029309
-0.05 -0.25 0.15 0.0209984 0.0861688 0.105749 -0.0540225
0.35 0.15 0.55 0.0787216 0.235519 0.213241 -0.235304
0.75 0.55 0.95 0.204137 0.403277 0.120809 -0.519789
1.15 0.95 1.35 0.379113 0.506754 -0.00976663 -1.01195
1.55 1.35 1.75 0.560144 0.457322 -0.132234 -1.07336
1.95 1.75 2.15 0.697528 0.295758 -0.148983 -0.664379
2.35 2.15 2.55 0.778308 0.158926 -0.0962038 -0.341409
2.75 2.55 2.95 0.821755 0.0956809 -0.0139144 -0.181423
3.15 2.95 3.35 0.855243 0.0896483 0.0112164 -0.140145
3.55 3.35 3.75 0.891181 0.10287 0.0142064 -0.165585
3.95 3.75 4.15 0.92891 0.0874248 -0.0256524 -0.0750251
4.35 4.15 4.55 0.957788 0.0585173 -0.0505227 -0.088047
4.75 4.55 4.95 0.973646 0.0350446 -0.0267805 -0.150118
5.15 4.95 5.35 0.980982 0.0166979 0.00360035 -0.0744964
5.55 5.35 5.75 0.987794 0.0245612 -0.00270458 -0.137038
5.95 5.75 6.15 0.994615 0.0200069 0.00176731 -0.10221
6.35 6.15 6.55 0.999115 0.0029792 -0.0214486 -0.0259163
6.75 6.55 6.95 0.99637 -0.0144298 -0.0171284 -0.00943131
7.15 6.95 7.35 0.988855 -0.0165191 0.0128721 -0.00620796
7.55 7.35 7.75 0.98388 -0.00875175 0.0120978 0.012297
7.95 7.75 8.15 0.982845 0.00268127 0.00468798 -0.0270256
8.35 8.15 8.55 0.983891 0.00420059 0.00817076 0.00317582
8.75 8.55 8.95 0.987011 0.00802982 -0.0250058 -0.084851
9.15 8.95 9.35 0.987689 0.0116368 -0.000751184 -0.200766
9.55 9.35 9.75 0.987877 0.00162832 -0.00973909 -0.152329
9.95 9.75 10.15 0.984403 -0.00582025 0.00339183 -0.111415
10.35 10.15 10.55 0.979642 -0.0117038 0.00689038 -0.0281119
10.75 10.55 10.95 0.975153 -0.00939226 0.00939537 0.00691121
11.15 10.95 11.35 0.972119 -0.00964066 -0.00142553 0.0355473
11.55 11.35 11.75 0.968653 -0.0109239 -0.00658066 0.0195537
11.95 11.75 12.15 0.964065 -0.012013 -0.00392623 -0.00639321
12.35 12.15 12.55 0.958939 -0.0126382 -0.00952607 -0.0460244
12.75 12.55 12.95 0.952762 -0.0103158 0.00450596 -0.0821112
13.15 12.95 13.35 0.947653 -0.0104252 -0.00339864 -0.0775092
13.55 13.35 13.75 0.942458 -0.00842299 -0.0130839 -0.149136
13.95 13.75 14.15 0.93561 -0.0089461 0.0112898 -0.150757
14.35 14.15 14.55 0.929979 -0.0121233 -0.00229041 -0.0942818
14.75 14.55 14.95 0.923361 -0.0120493 0.00876257 -0.0733247
15.15 14.95 15.35 0.917902 -0.01322 -0.00793538 -0.0608114
15.55 15.35 15.75 0.911122 -0.0125934 0.00558078 -0.0738819
15.95 15.75 16.15 0.905221 -0.0130032 -0.000139526 -0.0523294
16.35 16.15 16.55 0.898389 -0.017567 0.013231 0.0293402
16.75 16.55 16.95 0.892872 -0.0172626 -0.00887173 0.0413347
17.15 16.95 17.35 0.886011 -0.016875 0.00580295 0.0278752
17.55 17.35 17.75 0.880568 -0.0147728 -0.0144957 -0.0186194
17.95 17.75 18.15 0.873134 -0.0162206 0.00506371 -0.0379945
18.35 18.15 18.55 0.865734 -0.0203935 0.00638818 0.0349529
18.75 18.55 18.95 0.859246 -0.0154926 -0.00231861 0.007677
19.15 18.95 19.35 0.85303 -0.0154514 -0.000586077 -0.00234814
19.55 19.35 19.75 0.846149 -0.0187826 0.0134815 0.0683969
19.95 19.75 20.15 0.840122 -0.0230867 -0.00502235 0.132461
20.35 20.15 20.55 0.833289 -0.0195177 -0.0105943 0.0506637
20.75 20.55 20.95 0.826158 -0.0156848 -0.00448906 -0.0315546
21.15 20.95 21.35 0.819552 -0.0116349 0.00503493 -0.0634848
21.55 21.35 21.75 0.813321 -0.0171536 0.0120805 0.0395563
21.95 21.75 22.15 0.80725 -0.021617 0.00395239 0.130194
22.35 22.15 22.55 0.801328 -0.0199173 -0.0113471 0.0913803
22.75 22.55 22.95 0.794002 -0.0195523 0.00847352 0.0787601
23.15 22.95 23.35 0.788121 -0.0194875 -0.00795514 0.079948
23.55 23.35 23.75 0.781179 -0.0182586 0.00450843 0.0582186
23.95 23.75 24.15 0.775192 -0.0182814 -0.00657948 0.051505
24.35 24.15 24.55 0.768358 -0.0175447 0.000381705 0.0247061
24.75 24.55 24.95 0.761392 -0.0195393 0.00771711 0.0683242
25.15 24.95 25.35 0.755195 -0.0193169 0.00144623 0.0970153
25.55 25.35 25.75 0.749501 -0.0168366 -0.00403017 0.0677333
25.95 25.75 26.15 0.743314 -0.0185643 0.00275223 0.0778704
26.35 26.15 26.55 0.737639 -0.0167174 -0.00561641 0.0529324
26.75 26.55 26.95 0.731207 -0.0176774 0.00671055 0.0645794
27.15 26.95 27.35 0.725477 -0.0188497 -0.00126714 0.0924938
27.55 27.35 27.75 0.719511 -0.0172647 0.0025116 0.0834332
27.95 27.75 28.15 0.714583 -0.0152346 -0.0153889 0.0235914
28.35 28.15 28.55 0.708108 -0.0126316 0.0059994 -0.0293979
28.75 28.55 28.95 0.702258 -0.0180269 0.000552413 0.0374023
29.15 28.95 29.35 0.695884 -0.0157401 0.00773202 0.0459598
29.55 29.35 29.75 0.690306 -0.0199377 -0.00198183 0.100107
29.95 29.75 30.15 0.684235 -0.0170263 -0.00349376 0.0575935
30.35 30.15 30.55 0.678054 -0.016924 0.00543222 0.0632028
30.75 30.55 30.95 0.672419 -0.0179525 0.00762444 0.115295
31.15 30.95 31.35 0.667133 -0.0218298 -0.0043477 0.158529
31.55 31.35 31.75 0.661698 -0.0151969 -0.0124615 0.0472238
31.95 31.75 32.15 0.655876 -0.0127022 4.29428e-05 -0.0149603
32.35 32.15 32.55 0.650401 -0.0127502 0.011349 0.0234124
32.75 32.55 32.95 0.64575 -0.0174843 0.00380606 0.11338
33.15 32.95 33.35 0.640659 -0.0181297 0.00594263 0.151254
33.55 33.35 33.75 0.635211 -0.0249797 0.00738262 0.252755
33.95 33.75 34.15 0.629916 -0.0245886 -0.00813543 0.246986
34.35 34.15 34.55 0.624419 -0.0191336 -0.0151332 0.123966
34.75 34.55 34.95 0.61859 -0.0133135 -0.0054956 0.00670227
35.15 34.95 35.35 0.612939 -0.0139778 -0.00166259 -0.011622
35.55 35.35 35.75 0.607999 -0.00723787 -0.00367291 -0.0855733
35.95 35.75 36.15 0.603873 -0.00430912 0.00051754 -0.120497
36.35 36.15 36.55 0.59924 -0.0105247 0.0140796 -0.0200439
36.75 36.55 36.95 0.594771 -0.016964 0.00137231 0.0851236
37.15 36.95 37.35 0.589743 -0.015024 -0.00341192 0.0621581
37.55 37.35 37.75 0.5844 -0.0152117 0.00564094 0.0711522
37.95 37.75 38.15 0.579666 -0.0162465 0.00195822 0.105107
38.35 38.15 38.55 0.574605 -0.0179314 0.0112296 0.163106
38.75 38.55 38.95 0.570089 -0.0229396 0.00253874 0.250736
39.15 38.95 39.35 0.565463 -0.0208844 -0.00712294 0.218329
39.55 39.35 39.75 0.560857 -0.0165249 -0.011056 0.121404
39.95 39.75 40.15 0.5558 -0.0138406 0.000784307 0.0647955
40.35 40.15 40.55 0.551236 -0.0139901 0.0072239 0.0927352
40.75 40.55 40.95 0.548252 -0.0101858 -0.0104441 0.0502982
41.15 40.95 41.35 0.546043 0.00304256 0.000485904 -0.0931318
41.55 41.35 41.75 0.546626 0.00971012 0.00494555 -0.13059
41.95 41.75 42.15 0.547928 0.0051658 0.016195 -0.0222523
42.35 42.15 42.55 0.549867 -0.00217345 -0.00955691 0.0610349
42.75 42.55 42.95 0.548148 -0.0126373 -0.015462 0.0648368
43.15 42.95 43.35 0.542027 -0.0223055 -0.0162294 0.0397672
43.55 43.35 43.75 0.531771 -0.0285499 0.00416103 0.0515759
43.95 43.75 44.15 0.520725 -0.0327959 0.0121572 0.141354
44.35 44.15 44.55 0.511978 -0.0230121 0.000449155 0.101843
44.75 44.55 44.95 0.505922 -0.0121612 -0.00320547 0.00223112
45.15 44.95 45.35 0.500896 -0.0111033 0.00929403 0.0137102
45.55 45.35 45.75 0.496624 -0.0153523 0.00775666 0.105954
45.95 45.75 46.15 0.491525 -0.0245738 -0.00444876 0.193826
46.35 46.15 46.55 0.485282 -0.0190958 -0.00384952 0.120516
46.75 46.55 46.95 0.479718 -0.0158799 0.00198379 0.0874973
47.15 46.95 47.35 0.475028 -0.0146908 0.00215331 0.091378
47.55 47.35 47.75 0.471219 -0.0113051 -0.000811456 0.0676369
47.95 47.75 48.15 0.46738 -0.0137742 0.0012039 0.0895212
48.35 48.15 48.55 0.463871 -0.0107909 -0.00671731 0.046282
48.75 48.55 48.95 0.460129 -0.00846315 0.00208606 0.0114466
49.15 48.95 49.35 0.457737 -0.00376968 -0.00337311 -0.0319557
49.55 49.35 49.75 0.45565 -0.00245434 0.00137428 -0.0495797
49.95 49.75 50.15 0.453564 -0.00462147 0.00850953 0.00142576
50.35 50.15 50.55 0.450927 -0.0151653 -0.00202145 0.110918
50.75 50.55 50.95 0.447016 -0.0113922 -0.000933303 0.0696265
51.15 50.95 51.35 0.443485 -0.0119879 -0.00397016 0.0582452
51.55 51.35 51.75 0.44011 -0.0068445 -0.00501695 -0.0145731
51.95 51.75 52.15 0.436467 -0.00917736 0.0019165 -0.00546743
52.35 52.15 52.55 0.432961 -0.00828765 -0.000448674 -0.00798892
52.75 52.55 52.95 0.42948 -0.00785324 0.00496948 0.00346033
53.15 52.95 53.35 0.426369 -0.0100249 0.00501405 0.0548356
53.55 53.35 53.75 0.423169 -0.0124881 0.00550405 0.110423
53.95 53.75 54.15 0.420513 -0.0117978 -0.00848827 0.0947227
54.35 54.15 54.55 0.416956 -0.0100679 0.00132841 0.0564413
54.75 54.55 54.95 0.414327 -0.00722107 -0.00199197 0.0305055
55.15 54.95 55.35 0.411372 -0.0101629 0.00218284 0.0556573
55.55 55.35 55.75 0.408441 -0.009197 0.00232538 0.0626352
55.95 55.75 56.15 0.405805 -0.0107836 -0.00726783 0.0593816
56.35 56.15 56.55 0.40257 -0.00686962 -0.00686279 -0.0203366
56.75 56.55 56.95 0.39909 -0.00605536 0.00439462 -0.0353493
57.15 56.95 57.35 0.396314 -0.00654126 0.00121509 -0.012601
57.55 57.35 57.75 0.393019 -0.00973722 0.00987993 0.0510154
57.95 57.75 58.15 0.390255 -0.0124133 -0.000943425 0.103104
58.35 58.15 58.55 0.38757 -0.008191 -0.00983782 0.0319811
58.75 58.55 58.95 0.384007 -0.0086248 0.00638757 0.0240952
59.15 58.95 59.35 0.38116 -0.00984333 0.00344534 0.067026
59.55 59.35 59.75 0.378911 -0.00757073 -0.00626847 0.0386773
59.95 59.75 60.15 0.375976 -0.00817629 0.00201034 0.0295298
60.35 60.15 60.55 0.373585 -0.00687785 -0.0074895 0.000445614
60.75 60.55 60.95 0.370823 -0.00374404 -0.0047231 -0.0663781
61.15 60.95 61.35 0.367632 -0.00549575 0.00616037 -0.0469896
61.55 61.35 61.75 0.364808 -0.00726027 0.00376111 0.00078632
61.95 61.75 62.15 0.36181 -0.00908526 0.00850351 0.0568767
62.35 62.15 62.55 0.359204 -0.012135 0.00319796 0.121296
62.75 62.55 62.95 0.356849 -0.0109288 -0.0138144 0.0758563
63.15 62.95 63.35 0.353752 -0.00426485 -0.00703815 -0.0491849
63.55 63.35 63.75 0.35102 -0.002635 -0.000965467 -0.0894456
63.95 63.75 64.15 0.348422 -0.00263644 0.00365167 -0.0804797
64.35 64.15 64.55 0.344907 -0.0116763 0.0158005 0.0596934
64.75 64.55 64.95 0.342623 -0.00840973 0.00432962 0.0995721
65.15 64.95 65.35 0.341026 -0.00955628 -0.00287817 0.113965
65.55 65.35 65.75 0.338212 -0.013742 0.00490281 0.155595
65.95 65.75 66.15 0.335587 -0.0139717 -0.00643759 0.152393
66.35 66.15 66.55 0.333236 -0.00596825 -0.0121438 0.0237596
66.75 66.55 66.95 0.330339 -0.00566282 0.00910417 0.0110824
67.15 66.95 67.35 0.328348 -0.00930285 0.0018389 0.0778928
67.55 67.35 67.75 0.325746 -0.0112671 -0.000950816 0.097222
67.95 67.75 68.15 0.322758 -0.0109777 0.000900713 0.0946432
68.35 68.15 68.55 0.320481 -0.00687747 0.000544975 0.0652936
68.75 68.55 68.95 0.317984 -0.0130075 0.000734171 0.120641
69.15 68.95 69.35 0.315354 -0.00874472 -0.00194557 0.0810798
69.55 69.35 69.75 0.313019 -0.00930122 -0.00517721 0.0619748
69.95 69.75 70.15 0.310333 -0.00624629 0.00145078 0.0240957
70.35 70.15 70.55 0.3079 -0.00870267 0.00670159 0.07174
70.75 70.55 70.95 0.305693 -0.0115009 -0.00392819 0.104303
71.15 70.95 71.35 0.303604 -0.00402459 -0.00812233 0.00183235
71.55 71.35 71.75 0.301083 -0.00615173 0.00871378 0.02153
71.95 71.75 72.15 0.299018 -0.0103229 -0.00202382 0.0785898
72.35 72.15 72.55 0.296226 -0.00855184 0.00161571 0.0624704
72.75 72.55 72.95 0.293859 -0.00843689 0.0051872 0.0841889
73.15 72.95 73.35 0.291967 -0.00968977 0.00322309 0.122664
73.55 73.35 73.75 0.289758 -0.0131812 0.00335052 0.173671
73.95 73.75 74.15 0.287863 -0.0110182 -0.00653643 0.145026
74.35 74.15 74.55 0.285061 -0.0128975 0.00216265 0.146108
74.75 74.55 74.95 0.282408 -0.0124404 0.00282082 0.15891
75.15 74.95 75.35 0.280185 -0.0124551 -0.00185179 0.162263
75.55 75.35 75.75 0.278037 -0.0101897 -0.00443559 0.122427
75.95 75.75 76.15 0.27588 -0.00812873 0.00140552 0.0951518
76.35 76.15 76.55 0.274228 -0.00886603 -0.00613546 0.0855295
76.75 76.55 76.95 0.271988 -0.00634379 -0.000764003 0.0415126
77.15 76.95 77.35 0.269605 -0.00919444 0.00590016 0.0823885
77.55 77.35 77.75 0.267857 -0.00764415 -0.000875452 0.0862184
77.95 77.75 78.15 0.265658 -0.0110664 0.000477504 0.11341
78.35 78.15 78.55 0.263892 -0.00554734 -0.00592893 0.0492472
78.75 78.55 78.95 0.261728 -0.00802502 0.000599723 0.0521304
79.15 78.95 79.35 0.259121 -0.00922361 0.00829377 0.0917637
79.55 79.35 79.75 0.257223 -0.0109404 0.000109921 0.134082
79.95 79.75 80.15 0.255267 -0.00972231 -0.00791697 0.0979084
80.35 80.15 80.55 0.253145 -0.00499624 -0.00731395 0.0077547
80.75 80.55 80.95 0.251482 -0.000249714 -0.0050067 -0.0728685
81.15 80.95 81.35 0.248639 -0.00759215 0.0198277 0.0377219
81.55 81.35 81.75 0.247027 -0.0111175 0.00233876 0.140988
81.95 81.75 82.15 0.245138 -0.00981829 0.00202084 0.144693
82.35 82.15 82.55 0.243633 -0.0100428 -0.000224404 0.152553
82.75 82.55 82.95 0.241802 -0.0114441 0.00400186 0.176821
83.15 82.95 83.35 0.240689 -0.00972529 -0.0104451 0.141021
83.55 83.35 83.75 0.238442 -0.00851944 0.00575219 0.115329
83.95 83.75 84.15 0.236393 -0.0150267 0.00017919 0.189327
84.35 84.15 84.55 0.234147 -0.0102799 -0.00674866 0.127872
84.75 84.55 84.95 0.231431 -0.0114394 0.00337108 0.126276
85.15 84.95 85.35 0.229114 -0.0111461 0.00197247 0.141644
85.55 85.35 85.75 0.227489 -0.00817688 -0.00298456 0.113527
85.95 85.75 86.15 0.225795 -0.00862551 -0.0014899 0.10235
86.35 86.15 86.55 0.22465 -0.0041791 -0.0130432 0.0168535
86.75 86.55 86.95 0.221907 -0.00635794 0.0136131 0.0369102
87.15 86.95 87.35 0.221047 -0.00594648 -0.00978397 0.0462452
87.55 87.35 87.75 0.219279 -0.00297863 -0.00956494 -0.0429832
87.95 87.75 88.15 0.217292 0.00114879 0.00154129 -0.104124
88.35 88.15 88.55 0.21543 -0.00410101 0.00438488 -0.0406216
88.75 88.55 88.95 0.21435 0.00207444 -0.00711811 -0.101194
89.15 88.95 89.35 0.212127 -0.00433066 0.00792419 -0.0451317
89.55 89.35 89.75 0.210731 -0.000585792 -0.00230584 -0.0576111
89.95 89.75 90.15 0.208835 -0.00424453 0.00734382 -0.0103284
90.35 90.15 90.55 0.207803 -0.00271201 -0.0102984 -0.032948
90.75 90.55 90.95 0.205656 -0.0011618 0.00418643 -0.0662397
91.15 90.95 91.35 0.203666 -0.00555265 0.0118806 0.0239075
91.55 91.35 91.75 0.202394 -0.007548 -0.00298828 0.0701765
91.95 91.75 92.15 0.201187 -0.00246402 -0.0158288 -0.0349137
92.35 92.15 92.55 0.198494 -0.00202521 0.0113697 -0.0534345
92.75 92.55 92.95 0.197087 -0.00499578 0.00784753 0.0353776
93.15 92.95 93.35 0.195478 -0.00950379 0.00741831 0.12383
93.55 93.35 93.75 0.193568 -0.0131184 0.00764604 0.204166
93.95 93.75 94.15 0.192567 -0.0105103 -0.00914004 0.177453
94.35 94.15 94.55 0.191063 -0.00790435 -0.00924135 0.094465
94.75 94.55 94.95 0.188947 -0.00547925 0.0129948 0.0867673
95.15 94.95 95.35 0.188626 -0.00952047 -0.0116749 0.124844
95.55 95.35 95.75 0.186649 -0.00559019 -0.00659796 0.0311816
95.95 95.75 96.15 0.184657 -0.00398547 0.0022099 0.00318205
96.35 96.15 96.55 0.183227 -0.00384193 0.0039654 0.0225702
96.75 96.55 96.95 0.18177 -0.00766692 0.0026677 0.0765555
97.15 96.95 97.35 0.18021 -0.00639631 0.00495198 0.091366
97.55 97.35 97.75 0.179248 -0.00863351 -0.00772407 0.100769
97.95 97.75 98.15 0.177346 -0.00557677 -0.0034709 0.0379796
98.35 98.15 98.55 0.17565 -0.00401009 0.00373593 0.0258074
98.75 98.55 98.95 0.174379 -0.00664617 -0.00163441 0.0547797
99.15 98.95 99.35 0.172959 -0.00384844 -0.0074001 0.00135033
99.55 99.35 99.75 0.171669 0.000795313 -0.00759445 -0.0873295
99.95 99.75 100.15 0.170332 0.00234341 -0.00320707 -0.136235
100.35 100.15 100.55 0.168413 0.00044475 0.01577 -0.0785367
100.75 100.55 100.95 0.167846 -0.00330511 0.00295969 0.0151446
101.15 100.95 101.35 0.166233 -0.00790461 0.00880283 0.0926821
101.55 101.35 101.75 0.165281 -0.00776394 -0.00911434 0.0904715
101.95 101.75 102.15 0.16343 -0.00475715 -0.00105076 0.0315313
102.35 102.15 102.55 0.162191 -0.0030124 0.000279397 0.0144205
102.75 102.55 102.95 0.160772 -0.00598346 0.00500238 0.0567852
103.15 102.95 103.35 0.159659 -0.00652524 -0.00827915 0.0503776
103.55 103.35 103.75 0.157972 -0.00193987 -0.00431868 -0.0298267
103.95 103.75 104.15 0.156683 0.000381054 0.00432112 -0.0491595
104.35 104.15 104.55 0.155805 -0.00256666 0.0103936 0.0244539
104.75 104.55 104.95 0.15463 -0.0114084 0.00404172 0.146253
105.15 104.95 105.35 0.153556 -0.00627195 -0.0146041 0.0682411
105.55 105.35 105.75 0.151726 -0.00164974 0.00416301 -0.00508103
105.95 105.75 106.15 0.150492 -0.0063843 0.0104202 0.0829844
106.35 106.15 106.55 0.149544 -0.0101359 -0.00623111 0.128211
106.75 106.55 106.95 0.14805 -0.00348032 -0.00280426 0.0426304
107.15 106.95 107.35 0.147296 -0.00312757 -0.00716876 0.00644735
107.55 107.35 107.75 0.145781 -0.0019157 0.00377597 -0.0149609
107.95 107.75 108.15 0.144677 -0.00413581 0.00407803 0.02972
108.35 108.15 108.55 0.143135 -0.00842318 0.00472588 0.0947945
108.75 108.55 108.95 0.142003 -0.00577123 -0.00385806 0.0755877
109.15 108.95 109.35 0.140856 -0.00438244 -0.00179532 0.0451698
109.55 109.35 109.75 0.140118 -0.00213737 -0.00848792 -0.00781658
109.95 109.75 110.15 0.138933 6.14674e-05 -0.00507479 -0.0713493
110.35 110.15 110.55 0.137217 -0.000601325 0.0129175 -0.0396836
110.75 110.55 110.95 0.136314 -0.006532 0.00738629 0.077418
111.15 110.95 111.35 0.135141 -0.00846675 0.00248177 0.126434
111.55 111.35 111.75 0.13366 -0.00993383 0.00653385 0.168712
111.95 111.75 112.15 0.133171 -0.00866726 -0.0135877 0.134645
112.35 112.15 112.55 0.131611 -0.00382087 -0.000880961 0.0460292
112.75 112.55 112.95 0.130628 -0.00463251 0.00183249 0.0559646
113.15 112.95 113.35 0.129802 -0.00423412 0.00328888 0.069716
113.55 113.35 113.75 0.12891 -0.00817631 0.000519854 0.115263
113.95 113.75 114.15 0.128166 -0.00413027 -0.00808642 0.0563245
114.35 114.15 114.55 0.127249 -0.00254744 -0.0121479 -0.0243134
114.75 114.55 114.95 0.12599 0.00377892 -0.0086798 -0.146458
115.15 114.95 115.35 0.124716 0.005145 0.0034523 -0.175267
115.55 115.35 115.75 0.123251 -0.000358489 0.0161001 -0.0642303
115.95 115.75 116.15 0.122507 -0.00482654 0.0038225 0.0394122
116.35 116.15 116.55 0.122055 -0.00149544 -0.0111651 -0.0128224
116.75 116.55 116.95 0.120644 -0.000615749 -0.00148313 -0.062314
117.15 116.95 117.35 0.11967 0.00228492 0.00139428 -0.0867824
117.55 117.35 117.75 0.118784 -0.00138637 0.00110148 -0.0478692
117.95 117.75 118.15 0.117474 -0.00128874 0.00570277 -0.026002
118.35 118.15 118.55 0.116724 -0.00295085 -0.00167468 0.00127601
118.75 118.55 118.95 0.115622 -0.0012037 0.00470003 -0.00319907
119.15 118.95 119.35 0.114785 -0.00568136 0.00160069 0.0551171
119.55 119.35 119.75 0.113726 -0.00449267 -0.00498853 0.0339185
119.95 119.75 120.15 0.112562 -0.00120108 0.00112699 -0.00638316
120.35 120.15 120.55 0.111729 -0.00375726 -0.00112472 0.014926
120.75 120.55 120.95 0.11068 -0.00219722 -0.0061576 -0.0223488
121.15 120.95 121.35 0.109828 0.00291812 -0.00847085 -0.113738
121.55 121.35 121.75 0.108445 0.00277585 0.0110353 -0.104004
121.95 121.75 122.15 0.108117 -1.14656e-05 0.0103511 -0.00948881
122.35 122.15 122.55 0.107147 -0.0106274 0.00665543 0.135666
122.75 122.55 122.95 0.106148 -0.00638211 -0.00535954 0.104608
123.15 122.95 123.35 0.105082 -0.00501775 0.000802348 0.0780476
123.55 123.35 123.75 0.104448 -0.00516033 -0.00669627 0.0595893
123.95 123.75 124.15 0.103724 0.000470468 -0.0061764 -0.0302429
124.35 124.15 124.55 0.103492 0.00305244 -0.00982052 -0.105082
124.75 124.55 124.95 0.101799 -0.00080094 0.00477058 -0.089804
125.15 124.95 125.35 0.100956 0.00398381 0.00315135 -0.103271
125.55 125.35 125.75 0.100437 -0.00110927 -0.000657964 -0.0525168
125.95 125.75 126.15 0.099705 0.00259355 -0.00767464 -0.111149
126.35 126.15 126.55 0.0979622 0.00100188 0.020846 -0.0539807
126.75 126.55 126.95 0.0972899 -0.0104114 0.00580114 0.129954
127.15 126.95 127.35 0.0968228 -0.00274955 -0.0157425 0.0329671
127.55 127.35 127.75 0.0962131 0.00417996 -0.0066112 -0.0992913
127.95 127.75 128.15 0.0956142 0.00252368 0.00154412 -0.102379
128.35 128.15 128.55 0.0945468 -0.00137981 0.00159289 -0.0593935
128.75 128.55 128.95 0.0934141 0.000849856 0.00254728 -0.0641734
129.15 128.95 129.35 0.0930282 0.0014095 -0.00423069 -0.0744485
129.55 129.35 129.75 0.091757 -0.000423175 0.00880415 -0.0439313
129.95 129.75 130.15 0.0913772 -0.000858414 0.0027376 -0.00183181
130.35 130.15 130.55 0.0908953 -0.00385055 -0.00803789 0.00543503
130.75 130.55 130.95 0.0897619 0.00245001 -0.00117093 -0.0777657
131.15 130.95 131.35 0.0890583 -0.000227807 0.00031206 -0.0583134
131.55 131.35 131.75 0.0883654 0.00174882 -0.00351131 -0.0854494
131.95 131.75 132.15 0.0868103 -0.00185201 0.0129931 -0.0238365
132.35 132.15 132.55 0.0865398 -0.00208032 -0.00119731 0.0173856
132.75 132.55 132.95 0.0852544 -0.00551011 0.0145708 0.0905453
133.15 132.95 133.35 0.0853795 -0.00710333 -0.00910239 0.12205
133.55 133.35 133.75 0.0849157 -0.00038207 -0.0101613 0.0018272
133.95 133.75 134.15 0.0838706 -0.0024914 -0.00278312 -0.0237431
134.35 134.15 134.55 0.0829444 0.00201013 -0.0026715 -0.079438
134.75 134.55 134.95 0.0824655 0.00316002 -0.000961202 -0.101129
135.15 134.95 135.35 0.0817602 0.00172087 0.00714602 -0.0685204
135.55 135.35 135.75 0.0810458 -0.00324463 0.00905406 0.026859
135.95 135.75 136.15 0.0807121 -0.00465931 -0.00895574 0.0389757
136.35 136.15 136.55 0.0794766 -0.000352515 -0.00205871 -0.0336291
136.75 136.55 136.95 0.0789868 0.00141173 -0.00684018 -0.0779941
137.15 136.95 137.35 0.078088 0.0033243 0.00108763 -0.113107
137.55 137.35 137.75 0.0769495 2.45371e-05 0.0218301 -0.0092169
137.95 137.75 138.15 0.077621 -0.00562062 -0.00798647 0.0839714
138.35 138.15 138.55 0.0764241 -0.0037823 0.000365832 0.04325
138.75 138.55 138.95 0.0756561 -0.00306001 0.0050846 0.055399
139.15 138.95 139.35 0.0749001 -0.00858673 0.00153078 0.123506
139.55 139.35 139.75 0.0744598 -0.00238851 -0.00673542 0.0545056
139.95 139.75 140.15 0.0736841 -0.00463953 -0.00425687 0.0366232
140.35 140.15 140.55 0.0730118 0.00121422 -0.00756003 -0.0515478
140.75 140.55 140.95 0.0720081 0.000142553 0.0013274 -0.0633926
141.15 140.95 141.35 0.0713887 0.00317047 0.0115798 -0.0456014
141.55 141.35 141.75 0.0715153 -0.00572736 -0.000182344 0.0665385
141.95 141.75 142.15 0.0708201 -0.00303328 -0.0138104 -0.00255445
142.35 142.15 142.55 0.0694874 0.00342505 0.00142238 -0.0976672
142.75 142.55 142.95 0.0693063 0.00310634 0.00305477 -0.0800874
143.15 142.95 143.35 0.068987 -0.000404339 0.0012039 -0.0366362
143.55 143.35 143.75 0.0684241 0.000400743 0.000190025 -0.0386987
143.95 143.75 144.15 0.0674003 -0.00298154 0.00950294 0.0217968
144.35 144.15 144.55 0.0671833 -0.00322385 -0.00192884 0.0490631
144.75 144.55 144.95 0.0665088 -0.00370063 -0.00166107 0.0410699
145.15 144.95 145.35 0.0664376 0.00164792 -0.011216 -0.0464251
145.55 145.35 145.75 0.0656864 0.00183615 -0.00413346 -0.0991587
145.95 145.75 146.15 0.0647521 0.00312968 -0.0015635 -0.128928
146.35 146.15 146.55 0.063744 0.00363952 0.0120657 -0.0981693
146.75 146.55 146.95 0.0638882 -0.000447244 3.06888e-05 -0.0237917
147.15 146.95 147.35 0.0630177 -0.00176276 0.0103191 0.0216702
147.55 147.35 147.75 0.0626102 -0.00740742 -0.0011673 0.099215
147.95 147.75 148.15 0.0619274 -0.00259234 -0.00964242 0.0230569
148.35 148.15 148.55 0.0615234 0.00364628 -0.00562719 -0.0798303
148.75 148.55 148.95 0.0605592 -0.000527711 0.016033 -0.0103612
149.15 148.95 149.35 0.0602517 -0.00744529 0.00578339 0.120006
149.55 149.35 149.75 0.0596743 -0.00668655 0.000461545 0.1345
149.95 149.75 150.15 0.0596558 -0.00435986 -0.0122354 0.0758648
150.35 150.15 150.55 0.0590067 0.000583002 -0.00282345 -0.0155218
150.75 150.55 150.95 0.0588036 0.000282218 -0.00303061 -0.0325288
151.15 150.95 151.35 0.0578291 -0.00160756 0.00847213 0.00135776
151.55 151.35 151.75 0.057477 -0.0036967 0.00127912 0.0512714
151.95 151.75 152.15 0.0568962 -0.00409775 -0.00343312 0.0474335
152.35 152.15 152.55 0.0568874 0.00298294 -0.0117151 -0.0620664
152.75 152.55 152.95 0.0565491 0.00386231 -0.00939973 -0.139777
153.15 152.95 153.35 0.0553699 0.00565271 0.00748556 -0.161078
153.55 153.35 153.75 0.055002 0.00130711 -0.00214597 -0.107066
153.95 153.75 154.15 0.0541843 0.00552225 0.00347803 -0.137752
154.35 154.15 154.55 0.0538956 0.00223657 0.00655046 -0.076943
154.75 154.55 154.95 0.0536873 2.44325e-05 0.00102438 -0.0332591
155.15 154.95 155.35 0.0533235 0.000227988 -0.00473871 -0.0473364
155.55 155.35 155.75 0.0525115 0.00153295 0.00029039 -0.0730389
155.95 155.75 156.15 0.0519933 0.00211188 0.00445179 -0.062056
156.35 156.15 156.55 0.0519822 0.000800852 -0.00113395 -0.0400713
156.75 156.55 156.95 0.0512623 -0.0008058 0.00820058 -0.00312713
157.15 156.95 157.35 0.0509652 -0.00403504 0.00306343 0.0613299
157.55 157.35 157.75 0.0507384 -0.00327073 -0.00748713 0.0402149
157.95 157.75 158.15 0.0502277 0.00119666 -0.00432336 -0.0363816
158.35 158.15 158.55 0.0492519 -0.00192004 0.0126453 0.0173308
158.75 158.55 158.95 0.0495962 -0.00293853 -0.00958466 0.0360205
159.15 158.95 159.35 0.0490267 0.00137415 -0.00701699 -0.0552573
159.55 159.35 159.75 0.0486408 0.0041956 -0.00300886 -0.112189
159.95 159.75 160.15 0.047781 0.00107775 0.0095034 -0.0645584
160.35 160.15 160.55 0.0476618 -0.000512346 -0.00458608 -0.0349165
160.75 160.55 160.95 0.0466819 0.000772533 0.00614277 -0.0404349
161.15 160.95 161.35 0.0467901 0.000452428 -0.00594894 -0.0371212
161.55 161.35 161.75 0.0459984 0.00158003 0.00993713 -0.033224
161.95 161.75 162.15 0.0459541 -0.00407099 0.00403148 0.0604299
162.35 162.15 162.55 0.0455873 -0.00449736 -0.00620891 0.0567249
162.75 162.55 162.95 0.0449301 -0.000120809 -0.00483981 -0.0165754
163.15 162.95 163.35 0.0439692 -0.00127758 0.0127868 0.0195542
163.55 163.35 163.75 0.0441651 -0.00516227 -0.00447286 0.0796397
163.95 163.75 164.15 0.0443131 0.00271422 -0.0139982 -0.0475678
164.35 164.15 164.55 0.0436949 0.00251402 -0.00128257 -0.0968353
164.75 164.55 164.95 0.0428067 0.00129769 0.00725505 -0.066791
165.15 164.95 165.35 0.0424946 0.00018494 0.00734254 -0.00885941
165.55 165.35 165.75 0.0429527 4.51382e-05 -0.00412815 0.00302026
165.95 165.75 166.15 0.0422987 -0.00289822 0.00395771 0.0269801
166.35 166.15 166.55 0.0421444 -0.00130084 -0.00724184 0.00272153
166.75 166.55 166.95 0.0415459 0.000570671 -0.00836405 -0.0648941
167.15 166.95 167.35 0.0410487 0.00632 -0.00778709 -0.166642
167.55 167.35 167.75 0.0406817 0.00822679 -0.0027137 -0.217535
167.95 167.75 168.15 0.0400323 0.00744558 0.0130833 -0.176459
168.35 168.15 168.55 0.039826 -0.00105317 0.00751889 -0.0369623
168.75 168.55 168.95 0.0390037 -0.00289093 0.00494143 0.0198868
169.15 168.95 169.35 0.0396033 0.00337161 -0.020501 -0.0841663
169.55 169.35 169.75 0.0385103 0.00601562 0.00605905 -0.15434
169.95 169.75 170.15 0.0385299 0.00284085 -0.00766434 -0.133234
170.35 170.15 170.55 0.0372167 0.00561525 0.0132598 -0.137703
170.75 170.55 170.95 0.0377857 0.00250612 -0.00425149 -0.0817654
171.15 170.95 171.35 0.0373394 0.00359603 0.000172555 -0.104444
171.55 171.35 171.75 0.0367949 0.00134827 0.00177482 -0.0792218
171.95 171.75 172.15 0.0363932 0.00336309 0.00453306 -0.0749857
172.35 172.15 172.55 0.0361479 -0.00120933 0.00624749 -0.000947032
172.75 172.55 172.95 0.0362178 -0.000986358 -0.00919673 -0.0126359
173.15 172.95 173.35 0.035825 0.00459116 -0.00550253 -0.108113
173.55 173.35 173.75 0.0351458 0.00216348 0.0071519 -0.0823843
173.95 173.75 174.15 0.0350447 0.000992939 -0.002319 -0.0565201
174.35 174.15 174.55 0.0345638 0.00257951 0.00230551 -0.0697865
174.75 174.55 174.95 0.0346485 0.00154348 -0.0115446 -0.09195
175.15 174.95 175.35 0.0344744 0.0118659 -0.00548149 -0.234724
175.55 175.35 175.75 0.0337705 0.0031692 0.0127297 -0.138091
175.95 175.75 176.15 0.0336415 0.0031577 0.00257413 -0.0869821
176.35 176.15 176.55 0.033153 2.45425e-05 0.0085313 -0.0238544
176.75 176.55 176.95 0.0330493 -0.0029927 -0.00762715 0.00430316
177.15 176.95 177.35 0.0329672 0.00734424 -0.0132279 -0.151355
177.55 177.35 177.75 0.0326998 0.00808936 6.88256e-05 -0.201428
177.95 177.75 178.15 0.0316929 0.00224133 0.0183485 -0.0913033
178.35 178.15 178.55 0.0324798 0.00195105 -0.0125053 -0.069407
178.75 178.55 178.95 0.0319037 0.00611997 -0.00238387 -0.153779
179.15 178.95 179.35 0.0311488 0.0027858 0.0104217 -0.0992012
179.55 179.35 179.75 0.0312731 0.00150043 -0.00553481 -0.0722004
179.95 179.75 180.15 0.0310178 0.00589836 -0.00617816 -0.147893
180.35 180.15 180.55 0.0303296 0.00440778 0.00529608 -0.138412
180.75 180.55 180.95 0.0301036 0.00356595 0.00115593 -0.10989
181.15 180.95 181.35 0.0297253 0.00297614 0.00336541 -0.0899036
181.55 181.35 181.75 0.0295245 0.0018525 0.00204802 -0.0624952
181.95 181.75 182.15 0.029502 0.00251669 -0.000852319 -0.0640445
182.35 182.15 182.55 0.0290126 0.000105318 0.00697715 -0.0235336
182.75 182.55 182.95 0.0292578 -8.56469e-05 -0.0104938 -0.0336644
183.15 182.95 183.35 0.0288604 0.00605485 -0.00422114 -0.133885
183.55 183.35 183.75 0.0281311 0.00149097 0.00893262 -0.0801478
183.95 183.75 184.15 0.0279235 0.000785991 0.00173696 -0.0387077
184.35 184.15 184.55 0.0272093 -0.00198787 0.01164 0.0289977
184.75 184.55 184.95 0.0274844 -0.00339254 -0.00132031 0.0751023
185.15 184.95 185.35 0.0276282 -0.00126611 -0.00777187 0.0270747
185.55 185.35 185.75 0.0275146 0.000990158 -0.0132675 -0.0618586
185.95 185.75 186.15 0.0270632 0.00686138 -0.0182982 -0.216004
186.35 186.15 186.55 0.0262279 0.0157049 0.00622783 -0.329935
186.75 186.55 186.95 0.0264285 0.00722828 0.0065506 -0.216701
187.15 186.95 187.35 0.0260236 0.00588582 0.00650531 -0.161995
187.55 187.35 187.75 0.0255665 0.00194588 0.00959099 -0.0755074
187.95 187.75 188.15 0.0255093 0.000605207 0.00660693 -0.010342
188.35 188.15 188.55 0.0260132 -0.000103859 -0.00610121 -0.00274737
188.75 188.55 188.95 0.0253779 -0.00118693 -0.000105648 -0.0144113
189.15 188.95 189.35 0.0251811 0.00197595 -0.00703587 -0.0645737
189.55 189.35 189.75 0.0253119 0.00706602 -0.0123037 -0.171456
189.95 189.75 190.15 0.0251235 0.0106939 -0.00487216 -0.258941
190.35 190.15 190.55 0.0243354 0.00693404 0.0072294 -0.219752
190.75 190.55 190.95 0.023677 0.00511262 0.0116344 -0.141694
191.15 190.95 191.35 0.023929 0.00309589 0.00244675 -0.0779508
191.55 191.35 191.75 0.0233037 -0.00106151 0.0168937 0.0211623
191.95 191.75 192.15 0.0235889 -0.00662772 0.000965496 0.127078
192.35 192.15 192.55 0.0230289 -0.00697195 -0.00294641 0.123344
192.75 192.55 192.95 0.0229382 -0.00105413 -0.00990019 0.0312064
193.15 192.95 193.35 0.0228931 0.0024749 -0.00500245 -0.0478776
193.55 193.35 193.75 0.0221669 -0.00129302 0.00856428 -0.00460549
193.95 193.75 194.15 0.0225854 0.00120146 -0.00793471 -0.0232943
194.35 194.15 194.55 0.0221187 0.00119203 0.00332105 -0.0385946
194.75 194.55 194.95 0.0221448 0.000630245 -0.00151801 -0.0279029
195.15 194.95 195.35 0.0215408 -0.00108939 0.00593319 0.0011447
195.55 195.35 195.75 0.0215538 -0.000876284 -0.000483662 0.0175339
195.95 195.75 196.15 0.0215127 -0.000711548 -0.00293673 0.00475983
196.35 196.15 196.55 0.0205959 -0.00411983 0.0043591 0.0379034
196.75 196.55 196.95 0.0208424 0.00225348 -0.0110725 -0.0375854
197.15 196.95 197.35 0.0210311 0.00627244 -0.00682388 -0.130731
197.55 197.35 197.75 0.0201221 0.000966551 0.0122929 -0.0682857
197.95 197.75 198.15 0.0203851 0.00142059 -0.00666311 -0.0533035
198.35 198.15 198.55 0.0200587 0.0043429 -0.000965164 -0.103084
198.75 198.55 198.95 0.0199474 0.00366791 0.00336383 -0.0894632
199.15 198.95 199.35 0.0193858 -0.00115991 0.0133427 0.00645698
199.55 199.35 199.75 0.0197292 -0.00272112 -0.00170522 0.0582586
199.95 199.75 200.15 0.0188232 -0.00627278 0.0121854 0.12279
200.35 200.15 200.55 0.0192486 -0.0065801 -0.0148898 0.116336
200.75 200.55 200.95 0.0189293 0.00315132 -0.0109855 -0.0510105
201.15 200.95 201.35 0.0185164 0.00252736 0.00312972 -0.0719969
201.55 201.35 201.75 0.018924 0.00495135 -0.00125756 -0.0859563
201.95 201.75 202.15 0.019096 0.00197199 -0.00359272 -0.0772959
202.35 202.15 202.55 0.0186297 0.00351185 -0.00118779 -0.106063
202.75 202.55 202.95 0.0176226 -0.000219132 0.0103663 -0.0443765
203.15 202.95 203.35 0.0174901 -0.00012558 0.00288017 -0.00100134
203.55 203.35 203.75 0.0176889 0.000900692 0.00478599 0.0160003
203.95 203.75 204.15 0.0182082 -0.00286546 -0.0064647 0.0417891
204.35 204.15 204.55 0.0179879 0.00160624 -0.00689849 -0.040019
204.75 204.55 204.95 0.0172863 0.00053045 0.00753501 -0.0289324
205.15 204.95 205.35 0.0169733 -0.00290748 0.00796531 0.0513848
205.55 205.35 205.75 0.0167228 -0.00606916 0.00143868 0.109079
205.95 205.75 206.15 0.016684 -0.0030919 -0.0113062 0.0513766
206.35 206.15 206.55 0.0167861 0.00526499 -0.0117277 -0.0950438
206.75 206.55 206.95 0.0163422 0.00358397 0.00173976 -0.114328
207.15 206.95 207.35 0.0160727 0.00432698 0.00666861 -0.0924924
207.55 207.35 207.75 0.0163094 0.000731926 -0.00154284 -0.0454477
207.95 207.75 208.15 0.0164396 0.00454072 -0.0119685 -0.122226
208.35 208.15 208.55 0.0158672 0.00756013 0.00283387 -0.177836
208.75 208.55 208.95 0.0155666 0.00312896 0.00579832 -0.112136
209.15 208.95 209.35 0.0152182 0.00260114 0.00915409 -0.0578959
209.55 209.35 209.75 0.0154021 -0.00136684 0.000851651 0.00852294
209.95 209.75 210.15 0.0153191 -0.000510961 -0.011729 -0.0348672
210.35 210.15 210.55 0.0149115 0.00749854 -0.00515123 -0.157881
210.75 210.55 210.95 0.0147827 0.00676227 0.0120383 -0.128788
211.15 210.95 211.35 0.0146382 -0.00380115 0.0137201 0.0451015
211.55 211.35 211.75 0.015015 -0.00247155 -0.00627716 0.0588314
211.95 211.75 212.15 0.0146994 -0.00151406 -0.00169181 0.024289
212.35 212.15 212.55 0.0144719 -0.000605725 0.00141207 0.0157871
212.75 212.55 212.95 0.0138846 -0.00413863 0.0165483 0.105096
213.15 212.95 213.35 0.0148855 -0.00715352 -0.0205173 0.11699
213.55 213.35 213.75 0.0139393 0.00288719 -0.00542657 -0.0531618
213.95 213.75 214.15 0.0141634 0.00467803 -0.00321422 -0.096888
214.35 214.15 214.55 0.0135204 0.000475256 0.0142019 -0.0252395
214.75 214.55 214.95 0.0140167 -0.0019794 -0.00678668 0.0199333
215.15 214.95 215.35 0.0137343 0.00178897 -0.0105347 -0.0692076
